 # 
0 0 0 0 0.18 0 0 0 102.833
1 0.5 0 0.12 0.36 0 0.5 0 175.677
2 0.997602 0.059928 0.24 0.54 0 0.997602 0.059928 31341.9
3 1.48564 0.179138 0.36 0.72 0 1.48564 0.179138 -131.097
4 1.95708 0.356129 0.48 0.9 0 1.95708 0.356129 -54.8971
5 2.4051 0.588569 0.6 1.08 0 2.4051 0.588569 -28.0792
6 2.82321 0.873324 0.72 1.26 0 2.82321 0.873324 -11.7979
7 3.20534 1.20651 0.84 1.44 62.286 11.3289 62.9605 -3.68359
8 3.54592 1.58354 0.96 1.62 57.4657 0.719541 58.9797 1.11016
9 3.83995 1.99921 1.08 1.8 54.9065 -8.63491 55.4698 4.39263
10 4.08314 2.44755 1.2 1.98 54.179 -17.4735 52.1534 6.99179
