0.7 1.309 67.9413
0.75 1.39626 64.2129
0.8 1.48353 61.3176
0.85 1.5708 59.1048
0.9 1.65806 57.4703
0.95 1.74533 56.3424
1 1.8326 55.6746
1.05 1.91986 55.4401
1.1 2.00713 55.6294
1.15 2.0944 56.2496
1.2 2.18166 57.3244
1.25 2.26893 58.897
1.3 2.35619 61.0345
1.35 2.44346 63.8348
1.4 2.53073 67.4393
2.5 4.45059 69.2071
2.55 4.53786 65.4204
2.6 4.62512 62.4813
2.65 4.71239 60.2369
2.7 4.79966 58.5809
2.75 4.88692 57.4408
2.8 4.97419 56.7695
2.85 5.06145 56.5397
2.9 5.14872 56.7422
2.95 5.23599 57.3842
3 5.32325 58.4902
3.05 5.41052 60.1046
3.1 5.49779 62.2959
3.15 5.58505 65.1645
3.2 5.67232 68.855
4.35 7.67945 67.0186
4.4 7.76672 64.0163
4.45 7.85398 61.7248
4.5 7.94125 60.0357
4.55 8.02851 58.875
4.6 8.11578 58.1943
4.65 8.20305 57.9662
4.7 8.29031 58.1811
4.75 8.37758 58.8467
4.8 8.46485 59.9883
4.85 8.55211 61.6515
4.9 8.63938 63.9069
4.95 8.72665 66.8578
6.15001 10.821 68.9334
6.20001 10.9083 65.8511
6.25001 10.9956 63.4995
6.30001 11.0828 61.7673
6.35001 11.1701 60.5783
6.40001 11.2574 59.883
6.45001 11.3446 59.6532
6.50001 11.4319 59.8793
6.55001 11.5192 60.5691
6.60001 11.6064 61.7491
6.65001 11.6937 63.4661
6.70001 11.781 65.793
6.75001 11.8682 68.8361
8.00001 14.0499 67.9008
8.05001 14.1372 65.4789
8.10001 14.2244 63.6954
8.15001 14.3117 62.4718
8.20001 14.399 61.7572
8.25001 14.4862 61.5226
8.30001 14.5735 61.7581
8.35001 14.6608 62.4719
8.40001 14.748 63.6909
8.45001 14.8353 65.4641
8.50001 14.9226 67.8665
9.85002 17.2788 67.5706
9.90002 17.366 65.73
9.95002 17.4533 64.4672
10 17.5406 63.7295
10.05 17.6278 63.4872
10.1 17.7151 63.7298
10.15 17.8024 64.4659
10.2 17.8896 65.7236
10.25 17.9769 67.5528
11.65 20.4204 69.6778
11.7 20.5076 67.7771
11.75 20.5949 66.4723
11.8 20.6822 65.7089
11.85 20.7694 65.4562
11.9 20.8567 65.7034
11.95 20.944 66.4593
12 21.0312 67.7527
12.05 21.1185 69.6351
13.5 23.6492 69.7416
13.55 23.7365 68.3938
13.6 23.8237 67.6032
13.65 23.911 67.338
13.7 23.9983 67.587
13.75 24.0855 68.3593
13.8 24.1728 69.6841
15.4 26.9653 69.3244
15.45 27.0526 69.0452
15.5 27.1399 69.2932
31.5498 55.1524 69.7274
31.5998 55.2397 68.8231
31.6498 55.3269 68.4553
31.6998 55.4142 68.6105
31.7498 55.5015 69.2954
33.2998 58.2067 69.3715
33.3498 58.294 67.9271
33.3998 58.3813 67.0397
33.4498 58.4685 66.675
33.4998 58.5558 66.8198
33.5498 58.6431 67.4804
33.5998 58.7303 68.6834
35.0498 61.2611 69.3883
35.0998 61.3483 67.3829
35.1497 61.4356 65.9755
35.1997 61.5229 65.1091
35.2497 61.6101 64.7506
35.2997 61.6974 64.8869
35.3497 61.7847 65.5242
35.3997 61.8719 66.6881
35.4497 61.9592 68.4269
36.7997 64.3154 69.8862
36.8497 64.4026 67.2762
36.8997 64.4899 65.3297
36.9497 64.5772 63.963
36.9997 64.6644 63.121
37.0497 64.7517 62.7715
37.0997 64.839 62.9018
37.1497 64.9262 63.5177
37.1997 65.0135 64.6442
37.2497 65.1008 66.328
37.2997 65.188 68.6418
38.5997 67.457 67.7217
38.6497 67.5442 65.1928
38.6997 67.6315 63.307
38.7497 67.7188 61.9831
38.7997 67.806 61.1677
38.8497 67.8933 60.8296
38.8997 67.9806 60.9565
38.9497 68.0678 61.554
38.9997 68.1551 62.6465
39.0497 68.2424 64.279
39.0997 68.3296 66.5226
39.1497 68.4169 69.4811
40.3497 70.5113 68.8729
40.3997 70.5986 65.6849
40.4497 70.6858 63.2351
40.4997 70.7731 61.4089
40.5497 70.8604 60.1278
40.5997 70.9476 59.3399
40.6497 71.0349 59.015
40.6997 71.1222 59.1413
40.7497 71.2094 59.7244
40.7997 71.2967 60.7879
40.8497 71.384 62.3756
40.8997 71.4712 64.5564
40.9497 71.5585 67.4317
42.1496 73.6529 66.9639
42.1996 73.7402 63.8704
42.2496 73.8274 61.4938
42.2996 73.9147 59.7236
42.3496 74.002 58.4832
42.3996 74.0892 57.7225
42.4496 74.1765 57.412
42.4996 74.2638 57.5407
42.5496 74.351 58.1138
42.5996 74.4383 59.1546
42.6496 74.5256 60.706
42.6996 74.6128 62.8349
42.7496 74.7001 65.6402
42.7996 74.7874 69.265
43.8996 76.7072 69.2405
43.9496 76.7945 65.3737
43.9996 76.8818 62.3621
44.0496 76.969 60.05
44.0996 77.0563 58.3291
44.1496 77.1436 57.1256
44.1996 77.2308 56.3904
44.2496 77.3181 56.0951
44.2996 77.4054 56.2287
44.3496 77.4926 56.797
44.3996 77.5799 57.8225
44.4496 77.6672 59.3476
44.4996 77.7544 61.4378
44.5496 77.8417 64.1902
44.5996 77.929 67.7447
45.6996 79.8488 67.9603
45.7496 79.9361 64.1761
45.7996 80.0233 61.2302
45.8496 80.1106 58.9703
45.8996 80.1979 57.2905
45.9496 80.2851 56.1182
45.9996 80.3724 55.4057
46.0496 80.4597 55.1253
46.0996 80.5469 55.2665
46.1496 80.6342 55.8349
46.1996 80.7215 56.8535
46.2496 80.8087 58.3635
46.2996 80.896 60.4301
46.3496 80.9833 63.1489
46.3996 81.0705 66.6578
47.4996 82.9904 67.1535
47.5496 83.0777 63.4266
47.5996 83.1649 60.5273
47.6496 83.2522 58.305
47.6996 83.3395 56.6557
47.7496 83.4267 55.5077
47.7996 83.514 54.814
47.8496 83.6013 54.5477
47.8996 83.6885 54.6986
47.9496 83.7758 55.2725
47.9996 83.8631 56.2922
48.0496 83.9503 57.7994
48.0996 84.0376 59.8583
48.1496 84.1249 62.5644
48.1996 84.2121 66.0546
49.2995 86.132 66.8569
49.3495 86.2193 63.16
49.3995 86.3065 60.2859
49.4495 86.3938 58.0851
49.4995 86.4811 56.4542
49.5495 86.5683 55.3222
49.5995 86.6556 54.6428
49.6495 86.7429 54.3891
49.6995 86.8301 54.5514
49.7495 86.9174 55.1357
49.7995 87.0047 56.1651
49.8495 87.0919 57.6812
49.8995 87.1792 59.7492
49.9495 87.2665 62.4639
49.9995 87.3537 65.9629
51.0995 89.2736 67.0844
51.1495 89.3609 63.389
51.1995 89.4481 60.5173
51.2495 89.5354 58.3206
51.2995 89.6227 56.6953
51.3495 89.7099 55.5705
51.3995 89.7972 54.8999
51.4495 89.8845 54.6568
51.4995 89.9717 54.8316
51.5495 90.059 55.4309
51.5995 90.1463 56.4779
51.6495 90.2335 58.0149
51.6995 90.3208 60.1074
51.7495 90.4081 62.852
51.7995 90.4953 66.3869
52.8995 92.4152 67.8255
52.9495 92.5025 64.1022
52.9995 92.5897 61.2107
53.0495 92.677 59.0006
53.0995 92.7642 57.3679
53.1495 92.8515 56.241
53.1995 92.9388 55.5733
53.2495 93.026 55.3382
53.3995 93.2878 57.216
53.4495 93.3751 58.7845
53.4995 93.4624 60.9168
53.5495 93.5496 63.7104
53.5995 93.6369 67.307
54.6995 95.5568 69.0456
54.7495 95.644 65.2668
54.7994 95.7313 62.3337
54.8494 95.8186 60.0936
54.8994 95.9058 58.4406
54.9494 95.9931 57.3024
54.9994 96.0804 56.6318
55.0494 96.1676 56.4018
55.0994 96.2549 56.6029
55.1494 96.3422 57.2425
55.1994 96.4294 58.345
55.2494 96.5167 59.9544
55.2994 96.604 62.1393
55.3494 96.6912 64.9997
55.3994 96.7785 68.6799
56.5494 98.7856 66.8286
56.5994 98.8729 63.8341
56.6494 98.9602 61.5484
56.6994 99.0474 59.8636
56.7494 99.1347 58.7054
56.7994 99.222 58.0261
56.8494 99.3092 57.798
56.8994 99.3965 58.0117
56.9494 99.4838 58.6747
56.9994 99.571 59.8124
57.0494 99.6583 61.4702
57.0994 99.7456 63.7183
57.1494 99.8328 66.6597
58.3494 101.927 68.715
58.3994 102.014 65.6422
58.4494 102.102 63.2977
58.4994 102.189 61.5705
58.5494 102.276 60.3849
58.5994 102.364 59.6914
58.6494 102.451 59.462
58.6994 102.538 59.687
58.7494 102.625 60.3743
58.7994 102.713 61.55
58.8494 102.8 63.2613
58.8994 102.887 65.5803
58.9494 102.974 68.6131
60.1994 105.156 67.6739
60.2494 105.243 65.2599
60.2994 105.331 63.4822
60.3494 105.418 62.2626
60.3994 105.505 61.5503
60.4494 105.592 61.3163
60.4994 105.68 61.5509
60.5494 105.767 62.2622
60.5994 105.854 63.4772
60.6494 105.941 65.2443
60.6994 106.029 67.6387
61.9993 108.298 69.8348
62.0493 108.385 67.344
62.0993 108.472 65.5098
62.1493 108.559 64.2514
62.1993 108.647 63.5163
62.2493 108.734 63.2749
62.2993 108.821 63.5168
62.3493 108.909 64.2507
62.3993 108.996 65.5042
62.4493 109.083 67.3275
62.4993 109.17 69.7976
63.8493 111.527 69.4532
63.8993 111.614 67.559
63.9493 111.701 66.2587
63.9993 111.788 65.4982
64.0493 111.876 65.2466
64.0993 111.963 65.4934
64.1493 112.05 66.2474
64.1993 112.137 67.537
64.2493 112.225 69.4138
65.6994 114.755 69.5347
65.7494 114.843 68.1915
65.7994 114.93 67.4039
65.8494 115.017 67.14
65.8994 115.104 67.389
65.9494 115.192 68.1596
65.9994 115.279 69.4811
67.5495 117.984 69.9598
67.5995 118.072 69.1447
67.6495 118.159 68.867
67.6995 118.246 69.1152
67.7495 118.333 69.8982
83.7505 146.259 69.8625
83.8005 146.346 68.9573
83.8505 146.433 68.5895
83.9005 146.52 68.7456
83.9505 146.608 69.4326
85.5006 149.313 69.5295
85.5506 149.4 68.0825
85.6006 149.487 67.1934
85.6506 149.575 66.8285
85.7006 149.662 66.9742
85.7506 149.749 67.6368
85.8006 149.837 68.8432
87.2507 152.367 69.5633
87.3007 152.455 67.5533
87.3507 152.542 66.1428
87.4007 152.629 65.2746
87.4507 152.716 64.9156
87.5007 152.804 65.0526
87.5507 152.891 65.6917
87.6007 152.978 66.8589
87.6507 153.065 68.6024
89.0508 155.509 67.4557
89.1008 155.596 65.5042
89.1508 155.683 64.134
89.2008 155.771 63.29
89.2508 155.858 62.9396
89.3008 155.945 63.0703
89.3509 156.032 63.688
89.4009 156.12 64.8177
89.4509 156.207 66.506
89.5009 156.294 68.8261
90.8009 158.563 67.9039
90.8509 158.65 65.3676
90.9009 158.738 63.4767
90.951 158.825 62.1492
91.001 158.912 61.3316
91.051 158.999 60.9924
91.101 159.087 61.1195
91.151 159.174 61.7185
91.201 159.261 62.8138
91.251 159.349 64.4505
91.301 159.436 66.6996
91.351 159.523 69.6657
92.551 161.617 69.0495
92.6011 161.705 65.8532
92.6511 161.792 63.3968
92.7011 161.879 61.5656
92.7511 161.967 60.2809
92.8011 162.054 59.4906
92.8511 162.141 59.1645
92.9011 162.228 59.2908
92.9511 162.316 59.8751
93.0011 162.403 60.9409
93.0511 162.49 62.5323
93.1011 162.577 64.7181
93.1511 162.665 67.6
94.3512 164.759 67.1181
94.4012 164.846 64.0169
94.4512 164.934 61.6344
94.5012 165.021 59.8595
94.5512 165.108 58.6155
94.6012 165.195 57.8525
94.6512 165.283 57.5409
94.7012 165.37 57.6692
94.7512 165.457 58.2431
94.8012 165.544 59.2856
94.8512 165.632 60.8397
94.9012 165.719 62.9727
94.9512 165.806 65.7834
95.0012 165.894 69.415
96.1013 167.813 69.3731
96.1513 167.901 65.4974
96.2013 167.988 62.4793
96.2513 168.075 60.1621
96.3013 168.162 58.4374
96.3513 168.25 57.2309
96.4013 168.337 56.4936
96.4513 168.424 56.197
96.5013 168.512 56.33
96.5513 168.599 56.8985
96.6013 168.686 57.925
96.6513 168.773 59.4522
96.7013 168.861 61.5453
96.7513 168.948 64.3017
96.8013 169.035 67.8614
97.9014 170.955 68.0543
97.9514 171.042 64.2638
98.0014 171.13 61.3128
98.0514 171.217 59.0489
98.1014 171.304 57.366
98.1514 171.391 56.1913
98.2014 171.479 55.4769
98.2514 171.566 55.1952
98.3014 171.653 55.3356
98.3514 171.74 55.9039
98.4014 171.828 56.9226
98.4514 171.915 58.4335
98.5014 172.002 60.5015
98.5514 172.089 63.2225
98.6014 172.177 66.7344
99.7015 174.097 67.2046
99.7515 174.184 63.4739
99.8015 174.271 60.5708
99.8515 174.358 58.346
99.9015 174.446 56.6944
99.9515 174.533 55.5446
100.002 174.62 54.8496
100.052 174.707 54.5821
100.102 174.795 54.732
100.152 174.882 55.3053
100.202 174.969 56.3246
100.252 175.057 57.8313
100.302 175.144 59.8903
100.352 175.231 62.597
100.402 175.318 66.0879
101.502 177.238 66.862
101.552 177.325 63.164
101.602 177.413 60.2885
101.652 177.5 58.0865
101.702 177.587 56.4545
101.752 177.675 55.3214
101.802 177.762 54.641
101.852 177.849 54.3862
101.902 177.936 54.5474
101.952 178.024 55.1308
102.002 178.111 56.159
102.052 178.198 57.6739
102.102 178.285 59.7403
102.152 178.373 62.4534
102.202 178.46 65.9505
103.302 180.38 67.0439
103.352 180.467 63.3495
103.402 180.554 60.4787
103.452 180.642 58.2823
103.502 180.729 56.6568
103.552 180.816 55.5317
103.602 180.903 54.8606
103.652 180.991 54.6166
103.702 181.078 54.7903
103.752 181.165 55.3882
103.802 181.252 56.4333
103.852 181.34 57.968
103.902 181.427 60.0578
103.952 181.514 62.7987
104.002 181.602 66.3293
105.102 183.521 67.7404
105.152 183.609 64.0208
105.202 183.696 61.132
105.252 183.783 58.9239
105.302 183.87 57.2924
105.352 183.958 56.166
105.402 184.045 55.4983
105.452 184.132 55.2626
105.502 184.22 55.4494
105.552 184.307 56.0656
105.602 184.394 57.1351
105.752 184.656 63.6174
105.802 184.743 67.2073
106.902 186.663 68.9205
106.952 186.75 65.1476
107.002 186.837 62.219
107.052 186.925 59.9822
107.102 187.012 58.3315
107.152 187.099 57.1947
107.202 187.187 56.5244
107.252 187.274 56.2941
107.302 187.361 56.4941
107.352 187.448 57.1317
107.402 187.536 58.2312
107.452 187.623 59.8368
107.502 187.71 62.0165
107.552 187.797 64.8704
107.602 187.885 68.5423
108.752 189.892 66.6772
108.802 189.979 63.6882
108.852 190.066 61.4072
108.902 190.154 59.7256
108.952 190.241 58.5697
109.002 190.328 57.8913
109.052 190.415 57.6632
109.102 190.503 57.8758
109.152 190.59 58.5366
109.202 190.677 59.671
109.252 190.764 61.3242
109.302 190.852 63.5668
109.352 190.939 66.5006
110.552 193.033 68.5377
110.602 193.121 65.4723
110.652 193.208 63.1334
110.702 193.295 61.4104
110.752 193.382 60.2275
110.802 193.47 59.5354
110.852 193.557 59.3062
110.902 193.644 59.5303
110.952 193.732 60.2155
111.002 193.819 61.3878
111.052 193.906 63.0941
111.102 193.993 65.4066
111.152 194.081 68.431
112.402 196.262 67.4878
112.452 196.35 65.0799
112.502 196.437 63.307
112.552 196.524 62.0907
112.602 196.611 61.3802
112.652 196.699 61.1468
112.702 196.786 61.3806
112.752 196.873 62.0898
112.802 196.96 63.3013
112.852 197.048 65.0634
112.902 197.135 67.4508
114.202 199.404 69.6407
114.252 199.491 67.1569
114.302 199.578 65.3278
114.352 199.666 64.073
114.402 199.753 63.3401
114.452 199.84 63.0994
114.502 199.927 63.3407
114.552 200.015 64.0726
114.602 200.102 65.323
114.652 200.189 67.1414
114.702 200.277 69.6049
116.052 202.633 69.2675
116.102 202.72 67.3786
116.152 202.807 66.0819
116.202 202.895 65.3238
116.252 202.982 65.0732
116.302 203.069 65.3197
116.353 203.156 66.0719
116.403 203.244 67.3585
116.453 203.331 69.2307
117.903 205.862 69.3639
117.953 205.949 68.0245
118.003 206.036 67.2392
118.053 206.123 66.9765
118.103 206.211 67.2254
118.153 206.298 67.9945
118.203 206.385 69.3134
119.753 209.09 69.8101
119.803 209.178 68.9974
119.853 209.265 68.7209
119.903 209.352 68.9693
119.953 209.44 69.7514
136.004 237.452 69.0975
136.054 237.539 68.7297
136.104 237.627 68.8868
136.154 237.714 69.5758
137.704 240.419 69.6922
137.754 240.506 68.2421
137.804 240.594 67.3517
137.854 240.681 66.9864
137.904 240.768 67.1329
137.954 240.855 67.7976
138.004 240.943 69.0075
139.454 243.473 69.7421
139.504 243.561 67.7274
139.554 243.648 66.3135
139.604 243.735 65.4434
139.654 243.822 65.0837
139.704 243.91 65.2214
139.754 243.997 65.8625
139.804 244.084 67.0331
139.854 244.172 68.7818
141.254 246.615 67.638
141.304 246.702 65.6813
141.354 246.79 64.3075
141.404 246.877 63.4613
141.454 246.964 63.1101
141.504 247.051 63.2413
141.554 247.139 63.8607
141.604 247.226 64.9935
141.654 247.313 66.6865
141.704 247.4 69.013
143.004 249.669 68.088
143.054 249.757 65.5448
143.104 249.844 63.6486
143.154 249.931 62.3173
143.204 250.018 61.4974
143.254 250.106 61.1572
143.304 250.193 61.2845
143.354 250.28 61.885
143.404 250.367 62.9831
143.454 250.455 64.6241
143.504 250.542 66.8791
143.554 250.629 69.8535
144.754 252.724 69.2284
144.804 252.811 66.0235
144.854 252.898 63.5604
144.904 252.985 61.7241
144.954 253.073 60.4358
145.004 253.16 59.6431
145.054 253.247 59.3159
145.104 253.335 59.4421
145.154 253.422 60.0275
145.204 253.509 61.0957
145.254 253.596 62.6906
145.304 253.684 64.8816
145.354 253.771 67.7702
146.554 255.865 67.2745
146.604 255.953 64.1654
146.654 256.04 61.7768
146.704 256.127 59.997
146.754 256.214 58.75
146.804 256.302 57.9845
146.854 256.389 57.6716
146.904 256.476 57.7996
146.954 256.563 58.3741
147.004 256.651 59.4185
147.054 256.738 60.9758
147.104 256.825 63.1125
147.154 256.912 65.9294
147.204 257 69.5677
148.304 258.92 69.5079
148.354 259.007 65.6238
148.404 259.094 62.5995
148.454 259.181 60.2766
148.504 259.269 58.5481
148.554 259.356 57.3383
148.604 259.443 56.5988
148.654 259.53 56.3009
148.704 259.618 56.4335
148.754 259.705 57.0022
148.804 259.792 58.03
148.854 259.88 59.5585
148.904 259.967 61.6549
148.954 260.054 64.4147
149.004 260.141 67.9803
______________________________ STAMPS______________________________
0.7
0.75
0.8
0.85
0.9
0.95
1
1.05
1.1
1.15
1.2
1.25
1.3
1.35
1.4
2.5
2.55
2.6
2.65
2.7
2.75
2.8
2.85
2.9
2.95
3
3.05
3.1
3.15
3.2
4.35
4.4
4.45
4.5
4.55
4.6
4.65
4.7
4.75
4.8
4.85
4.9
4.95
6.15001
6.20001
6.25001
6.30001
6.35001
6.40001
6.45001
6.50001
6.55001
6.60001
6.65001
6.70001
6.75001
8.00001
8.05001
8.10001
8.15001
8.20001
8.25001
8.30001
8.35001
8.40001
8.45001
8.50001
9.85002
9.90002
9.95002
10
10.05
10.1
10.15
10.2
10.25
11.65
11.7
11.75
11.8
11.85
11.9
11.95
12
12.05
13.5
13.55
13.6
13.65
13.7
13.75
13.8
15.4
15.45
15.5
31.5498
31.5998
31.6498
31.6998
31.7498
33.2998
33.3498
33.3998
33.4498
33.4998
33.5498
33.5998
35.0498
35.0998
35.1497
35.1997
35.2497
35.2997
35.3497
35.3997
35.4497
36.7997
36.8497
36.8997
36.9497
36.9997
37.0497
37.0997
37.1497
37.1997
37.2497
37.2997
38.5997
38.6497
38.6997
38.7497
38.7997
38.8497
38.8997
38.9497
38.9997
39.0497
39.0997
39.1497
40.3497
40.3997
40.4497
40.4997
40.5497
40.5997
40.6497
40.6997
40.7497
40.7997
40.8497
40.8997
40.9497
42.1496
42.1996
42.2496
42.2996
42.3496
42.3996
42.4496
42.4996
42.5496
42.5996
42.6496
42.6996
42.7496
42.7996
43.8996
43.9496
43.9996
44.0496
44.0996
44.1496
44.1996
44.2496
44.2996
44.3496
44.3996
44.4496
44.4996
44.5496
44.5996
45.6996
45.7496
45.7996
45.8496
45.8996
45.9496
45.9996
46.0496
46.0996
46.1496
46.1996
46.2496
46.2996
46.3496
46.3996
47.4996
47.5496
47.5996
47.6496
47.6996
47.7496
47.7996
47.8496
47.8996
47.9496
47.9996
48.0496
48.0996
48.1496
48.1996
49.2995
49.3495
49.3995
49.4495
49.4995
49.5495
49.5995
49.6495
49.6995
49.7495
49.7995
49.8495
49.8995
49.9495
49.9995
51.0995
51.1495
51.1995
51.2495
51.2995
51.3495
51.3995
51.4495
51.4995
51.5495
51.5995
51.6495
51.6995
51.7495
51.7995
52.8995
52.9495
52.9995
53.0495
53.0995
53.1495
53.1995
53.2495
53.3995
53.4495
53.4995
53.5495
53.5995
54.6995
54.7495
54.7994
54.8494
54.8994
54.9494
54.9994
55.0494
55.0994
55.1494
55.1994
55.2494
55.2994
55.3494
55.3994
56.5494
56.5994
56.6494
56.6994
56.7494
56.7994
56.8494
56.8994
56.9494
56.9994
57.0494
57.0994
57.1494
58.3494
58.3994
58.4494
58.4994
58.5494
58.5994
58.6494
58.6994
58.7494
58.7994
58.8494
58.8994
58.9494
60.1994
60.2494
60.2994
60.3494
60.3994
60.4494
60.4994
60.5494
60.5994
60.6494
60.6994
61.9993
62.0493
62.0993
62.1493
62.1993
62.2493
62.2993
62.3493
62.3993
62.4493
62.4993
63.8493
63.8993
63.9493
63.9993
64.0493
64.0993
64.1493
64.1993
64.2493
65.6994
65.7494
65.7994
65.8494
65.8994
65.9494
65.9994
67.5495
67.5995
67.6495
67.6995
67.7495
83.7505
83.8005
83.8505
83.9005
83.9505
85.5006
85.5506
85.6006
85.6506
85.7006
85.7506
85.8006
87.2507
87.3007
87.3507
87.4007
87.4507
87.5007
87.5507
87.6007
87.6507
89.0508
89.1008
89.1508
89.2008
89.2508
89.3008
89.3509
89.4009
89.4509
89.5009
90.8009
90.8509
90.9009
90.951
91.001
91.051
91.101
91.151
91.201
91.251
91.301
91.351
92.551
92.6011
92.6511
92.7011
92.7511
92.8011
92.8511
92.9011
92.9511
93.0011
93.0511
93.1011
93.1511
94.3512
94.4012
94.4512
94.5012
94.5512
94.6012
94.6512
94.7012
94.7512
94.8012
94.8512
94.9012
94.9512
95.0012
96.1013
96.1513
96.2013
96.2513
96.3013
96.3513
96.4013
96.4513
96.5013
96.5513
96.6013
96.6513
96.7013
96.7513
96.8013
97.9014
97.9514
98.0014
98.0514
98.1014
98.1514
98.2014
98.2514
98.3014
98.3514
98.4014
98.4514
98.5014
98.5514
98.6014
99.7015
99.7515
99.8015
99.8515
99.9015
99.9515
100.002
100.052
100.102
100.152
100.202
100.252
100.302
100.352
100.402
101.502
101.552
101.602
101.652
101.702
101.752
101.802
101.852
101.902
101.952
102.002
102.052
102.102
102.152
102.202
103.302
103.352
103.402
103.452
103.502
103.552
103.602
103.652
103.702
103.752
103.802
103.852
103.902
103.952
104.002
105.102
105.152
105.202
105.252
105.302
105.352
105.402
105.452
105.502
105.552
105.602
105.752
105.802
106.902
106.952
107.002
107.052
107.102
107.152
107.202
107.252
107.302
107.352
107.402
107.452
107.502
107.552
107.602
108.752
108.802
108.852
108.902
108.952
109.002
109.052
109.102
109.152
109.202
109.252
109.302
109.352
110.552
110.602
110.652
110.702
110.752
110.802
110.852
110.902
110.952
111.002
111.052
111.102
111.152
112.402
112.452
112.502
112.552
112.602
112.652
112.702
112.752
112.802
112.852
112.902
114.202
114.252
114.302
114.352
114.402
114.452
114.502
114.552
114.602
114.652
114.702
116.052
116.102
116.152
116.202
116.252
116.302
116.353
116.403
116.453
117.903
117.953
118.003
118.053
118.103
118.153
118.203
119.753
119.803
119.853
119.903
119.953
136.004
136.054
136.104
136.154
137.704
137.754
137.804
137.854
137.904
137.954
138.004
139.454
139.504
139.554
139.604
139.654
139.704
139.754
139.804
139.854
141.254
141.304
141.354
141.404
141.454
141.504
141.554
141.604
141.654
141.704
143.004
143.054
143.104
143.154
143.204
143.254
143.304
143.354
143.404
143.454
143.504
143.554
144.754
144.804
144.854
144.904
144.954
145.004
145.054
145.104
145.154
145.204
145.254
145.304
145.354
146.554
146.604
146.654
146.704
146.754
146.804
146.854
146.904
146.954
147.004
147.054
147.104
147.154
147.204
148.304
148.354
148.404
148.454
148.504
148.554
148.604
148.654
148.704
148.754
148.804
148.854
148.904
148.954
149.004
_________________________BEAM ANGLES ____________________________
1.309
1.39626
1.48353
1.5708
1.65806
1.74533
1.8326
1.91986
2.00713
2.0944
2.18166
2.26893
2.35619
2.44346
2.53073
4.45059
4.53786
4.62512
4.71239
4.79966
4.88692
4.97419
5.06145
5.14872
5.23599
5.32325
5.41052
5.49779
5.58505
5.67232
7.67945
7.76672
7.85398
7.94125
8.02851
8.11578
8.20305
8.29031
8.37758
8.46485
8.55211
8.63938
8.72665
10.821
10.9083
10.9956
11.0828
11.1701
11.2574
11.3446
11.4319
11.5192
11.6064
11.6937
11.781
11.8682
14.0499
14.1372
14.2244
14.3117
14.399
14.4862
14.5735
14.6608
14.748
14.8353
14.9226
17.2788
17.366
17.4533
17.5406
17.6278
17.7151
17.8024
17.8896
17.9769
20.4204
20.5076
20.5949
20.6822
20.7694
20.8567
20.944
21.0312
21.1185
23.6492
23.7365
23.8237
23.911
23.9983
24.0855
24.1728
26.9653
27.0526
27.1399
55.1524
55.2397
55.3269
55.4142
55.5015
58.2067
58.294
58.3813
58.4685
58.5558
58.6431
58.7303
61.2611
61.3483
61.4356
61.5229
61.6101
61.6974
61.7847
61.8719
61.9592
64.3154
64.4026
64.4899
64.5772
64.6644
64.7517
64.839
64.9262
65.0135
65.1008
65.188
67.457
67.5442
67.6315
67.7188
67.806
67.8933
67.9806
68.0678
68.1551
68.2424
68.3296
68.4169
70.5113
70.5986
70.6858
70.7731
70.8604
70.9476
71.0349
71.1222
71.2094
71.2967
71.384
71.4712
71.5585
73.6529
73.7402
73.8274
73.9147
74.002
74.0892
74.1765
74.2638
74.351
74.4383
74.5256
74.6128
74.7001
74.7874
76.7072
76.7945
76.8818
76.969
77.0563
77.1436
77.2308
77.3181
77.4054
77.4926
77.5799
77.6672
77.7544
77.8417
77.929
79.8488
79.9361
80.0233
80.1106
80.1979
80.2851
80.3724
80.4597
80.5469
80.6342
80.7215
80.8087
80.896
80.9833
81.0705
82.9904
83.0777
83.1649
83.2522
83.3395
83.4267
83.514
83.6013
83.6885
83.7758
83.8631
83.9503
84.0376
84.1249
84.2121
86.132
86.2193
86.3065
86.3938
86.4811
86.5683
86.6556
86.7429
86.8301
86.9174
87.0047
87.0919
87.1792
87.2665
87.3537
89.2736
89.3609
89.4481
89.5354
89.6227
89.7099
89.7972
89.8845
89.9717
90.059
90.1463
90.2335
90.3208
90.4081
90.4953
92.4152
92.5025
92.5897
92.677
92.7642
92.8515
92.9388
93.026
93.2878
93.3751
93.4624
93.5496
93.6369
95.5568
95.644
95.7313
95.8186
95.9058
95.9931
96.0804
96.1676
96.2549
96.3422
96.4294
96.5167
96.604
96.6912
96.7785
98.7856
98.8729
98.9602
99.0474
99.1347
99.222
99.3092
99.3965
99.4838
99.571
99.6583
99.7456
99.8328
101.927
102.014
102.102
102.189
102.276
102.364
102.451
102.538
102.625
102.713
102.8
102.887
102.974
105.156
105.243
105.331
105.418
105.505
105.592
105.68
105.767
105.854
105.941
106.029
108.298
108.385
108.472
108.559
108.647
108.734
108.821
108.909
108.996
109.083
109.17
111.527
111.614
111.701
111.788
111.876
111.963
112.05
112.137
112.225
114.755
114.843
114.93
115.017
115.104
115.192
115.279
117.984
118.072
118.159
118.246
118.333
146.259
146.346
146.433
146.52
146.608
149.313
149.4
149.487
149.575
149.662
149.749
149.837
152.367
152.455
152.542
152.629
152.716
152.804
152.891
152.978
153.065
155.509
155.596
155.683
155.771
155.858
155.945
156.032
156.12
156.207
156.294
158.563
158.65
158.738
158.825
158.912
158.999
159.087
159.174
159.261
159.349
159.436
159.523
161.617
161.705
161.792
161.879
161.967
162.054
162.141
162.228
162.316
162.403
162.49
162.577
162.665
164.759
164.846
164.934
165.021
165.108
165.195
165.283
165.37
165.457
165.544
165.632
165.719
165.806
165.894
167.813
167.901
167.988
168.075
168.162
168.25
168.337
168.424
168.512
168.599
168.686
168.773
168.861
168.948
169.035
170.955
171.042
171.13
171.217
171.304
171.391
171.479
171.566
171.653
171.74
171.828
171.915
172.002
172.089
172.177
174.097
174.184
174.271
174.358
174.446
174.533
174.62
174.707
174.795
174.882
174.969
175.057
175.144
175.231
175.318
177.238
177.325
177.413
177.5
177.587
177.675
177.762
177.849
177.936
178.024
178.111
178.198
178.285
178.373
178.46
180.38
180.467
180.554
180.642
180.729
180.816
180.903
180.991
181.078
181.165
181.252
181.34
181.427
181.514
181.602
183.521
183.609
183.696
183.783
183.87
183.958
184.045
184.132
184.22
184.307
184.394
184.656
184.743
186.663
186.75
186.837
186.925
187.012
187.099
187.187
187.274
187.361
187.448
187.536
187.623
187.71
187.797
187.885
189.892
189.979
190.066
190.154
190.241
190.328
190.415
190.503
190.59
190.677
190.764
190.852
190.939
193.033
193.121
193.208
193.295
193.382
193.47
193.557
193.644
193.732
193.819
193.906
193.993
194.081
196.262
196.35
196.437
196.524
196.611
196.699
196.786
196.873
196.96
197.048
197.135
199.404
199.491
199.578
199.666
199.753
199.84
199.927
200.015
200.102
200.189
200.277
202.633
202.72
202.807
202.895
202.982
203.069
203.156
203.244
203.331
205.862
205.949
206.036
206.123
206.211
206.298
206.385
209.09
209.178
209.265
209.352
209.44
237.452
237.539
237.627
237.714
240.419
240.506
240.594
240.681
240.768
240.855
240.943
243.473
243.561
243.648
243.735
243.822
243.91
243.997
244.084
244.172
246.615
246.702
246.79
246.877
246.964
247.051
247.139
247.226
247.313
247.4
249.669
249.757
249.844
249.931
250.018
250.106
250.193
250.28
250.367
250.455
250.542
250.629
252.724
252.811
252.898
252.985
253.073
253.16
253.247
253.335
253.422
253.509
253.596
253.684
253.771
255.865
255.953
256.04
256.127
256.214
256.302
256.389
256.476
256.563
256.651
256.738
256.825
256.912
257
258.92
259.007
259.094
259.181
259.269
259.356
259.443
259.53
259.618
259.705
259.792
259.88
259.967
260.054
260.141
_________________________RANGES ____________________________
67.9413
64.2129
61.3176
59.1048
57.4703
56.3424
55.6746
55.4401
55.6294
56.2496
57.3244
58.897
61.0345
63.8348
67.4393
69.2071
65.4204
62.4813
60.2369
58.5809
57.4408
56.7695
56.5397
56.7422
57.3842
58.4902
60.1046
62.2959
65.1645
68.855
67.0186
64.0163
61.7248
60.0357
58.875
58.1943
57.9662
58.1811
58.8467
59.9883
61.6515
63.9069
66.8578
68.9334
65.8511
63.4995
61.7673
60.5783
59.883
59.6532
59.8793
60.5691
61.7491
63.4661
65.793
68.8361
67.9008
65.4789
63.6954
62.4718
61.7572
61.5226
61.7581
62.4719
63.6909
65.4641
67.8665
67.5706
65.73
64.4672
63.7295
63.4872
63.7298
64.4659
65.7236
67.5528
69.6778
67.7771
66.4723
65.7089
65.4562
65.7034
66.4593
67.7527
69.6351
69.7416
68.3938
67.6032
67.338
67.587
68.3593
69.6841
69.3244
69.0452
69.2932
69.7274
68.8231
68.4553
68.6105
69.2954
69.3715
67.9271
67.0397
66.675
66.8198
67.4804
68.6834
69.3883
67.3829
65.9755
65.1091
64.7506
64.8869
65.5242
66.6881
68.4269
69.8862
67.2762
65.3297
63.963
63.121
62.7715
62.9018
63.5177
64.6442
66.328
68.6418
67.7217
65.1928
63.307
61.9831
61.1677
60.8296
60.9565
61.554
62.6465
64.279
66.5226
69.4811
68.8729
65.6849
63.2351
61.4089
60.1278
59.3399
59.015
59.1413
59.7244
60.7879
62.3756
64.5564
67.4317
66.9639
63.8704
61.4938
59.7236
58.4832
57.7225
57.412
57.5407
58.1138
59.1546
60.706
62.8349
65.6402
69.265
69.2405
65.3737
62.3621
60.05
58.3291
57.1256
56.3904
56.0951
56.2287
56.797
57.8225
59.3476
61.4378
64.1902
67.7447
67.9603
64.1761
61.2302
58.9703
57.2905
56.1182
55.4057
55.1253
55.2665
55.8349
56.8535
58.3635
60.4301
63.1489
66.6578
67.1535
63.4266
60.5273
58.305
56.6557
55.5077
54.814
54.5477
54.6986
55.2725
56.2922
57.7994
59.8583
62.5644
66.0546
66.8569
63.16
60.2859
58.0851
56.4542
55.3222
54.6428
54.3891
54.5514
55.1357
56.1651
57.6812
59.7492
62.4639
65.9629
67.0844
63.389
60.5173
58.3206
56.6953
55.5705
54.8999
54.6568
54.8316
55.4309
56.4779
58.0149
60.1074
62.852
66.3869
67.8255
64.1022
61.2107
59.0006
57.3679
56.241
55.5733
55.3382
57.216
58.7845
60.9168
63.7104
67.307
69.0456
65.2668
62.3337
60.0936
58.4406
57.3024
56.6318
56.4018
56.6029
57.2425
58.345
59.9544
62.1393
64.9997
68.6799
66.8286
63.8341
61.5484
59.8636
58.7054
58.0261
57.798
58.0117
58.6747
59.8124
61.4702
63.7183
66.6597
68.715
65.6422
63.2977
61.5705
60.3849
59.6914
59.462
59.687
60.3743
61.55
63.2613
65.5803
68.6131
67.6739
65.2599
63.4822
62.2626
61.5503
61.3163
61.5509
62.2622
63.4772
65.2443
67.6387
69.8348
67.344
65.5098
64.2514
63.5163
63.2749
63.5168
64.2507
65.5042
67.3275
69.7976
69.4532
67.559
66.2587
65.4982
65.2466
65.4934
66.2474
67.537
69.4138
69.5347
68.1915
67.4039
67.14
67.389
68.1596
69.4811
69.9598
69.1447
68.867
69.1152
69.8982
69.8625
68.9573
68.5895
68.7456
69.4326
69.5295
68.0825
67.1934
66.8285
66.9742
67.6368
68.8432
69.5633
67.5533
66.1428
65.2746
64.9156
65.0526
65.6917
66.8589
68.6024
67.4557
65.5042
64.134
63.29
62.9396
63.0703
63.688
64.8177
66.506
68.8261
67.9039
65.3676
63.4767
62.1492
61.3316
60.9924
61.1195
61.7185
62.8138
64.4505
66.6996
69.6657
69.0495
65.8532
63.3968
61.5656
60.2809
59.4906
59.1645
59.2908
59.8751
60.9409
62.5323
64.7181
67.6
67.1181
64.0169
61.6344
59.8595
58.6155
57.8525
57.5409
57.6692
58.2431
59.2856
60.8397
62.9727
65.7834
69.415
69.3731
65.4974
62.4793
60.1621
58.4374
57.2309
56.4936
56.197
56.33
56.8985
57.925
59.4522
61.5453
64.3017
67.8614
68.0543
64.2638
61.3128
59.0489
57.366
56.1913
55.4769
55.1952
55.3356
55.9039
56.9226
58.4335
60.5015
63.2225
66.7344
67.2046
63.4739
60.5708
58.346
56.6944
55.5446
54.8496
54.5821
54.732
55.3053
56.3246
57.8313
59.8903
62.597
66.0879
66.862
63.164
60.2885
58.0865
56.4545
55.3214
54.641
54.3862
54.5474
55.1308
56.159
57.6739
59.7403
62.4534
65.9505
67.0439
63.3495
60.4787
58.2823
56.6568
55.5317
54.8606
54.6166
54.7903
55.3882
56.4333
57.968
60.0578
62.7987
66.3293
67.7404
64.0208
61.132
58.9239
57.2924
56.166
55.4983
55.2626
55.4494
56.0656
57.1351
63.6174
67.2073
68.9205
65.1476
62.219
59.9822
58.3315
57.1947
56.5244
56.2941
56.4941
57.1317
58.2312
59.8368
62.0165
64.8704
68.5423
66.6772
63.6882
61.4072
59.7256
58.5697
57.8913
57.6632
57.8758
58.5366
59.671
61.3242
63.5668
66.5006
68.5377
65.4723
63.1334
61.4104
60.2275
59.5354
59.3062
59.5303
60.2155
61.3878
63.0941
65.4066
68.431
67.4878
65.0799
63.307
62.0907
61.3802
61.1468
61.3806
62.0898
63.3013
65.0634
67.4508
69.6407
67.1569
65.3278
64.073
63.3401
63.0994
63.3407
64.0726
65.323
67.1414
69.6049
69.2675
67.3786
66.0819
65.3238
65.0732
65.3197
66.0719
67.3585
69.2307
69.3639
68.0245
67.2392
66.9765
67.2254
67.9945
69.3134
69.8101
68.9974
68.7209
68.9693
69.7514
69.0975
68.7297
68.8868
69.5758
69.6922
68.2421
67.3517
66.9864
67.1329
67.7976
69.0075
69.7421
67.7274
66.3135
65.4434
65.0837
65.2214
65.8625
67.0331
68.7818
67.638
65.6813
64.3075
63.4613
63.1101
63.2413
63.8607
64.9935
66.6865
69.013
68.088
65.5448
63.6486
62.3173
61.4974
61.1572
61.2845
61.885
62.9831
64.6241
66.8791
69.8535
69.2284
66.0235
63.5604
61.7241
60.4358
59.6431
59.3159
59.4421
60.0275
61.0957
62.6906
64.8816
67.7702
67.2745
64.1654
61.7768
59.997
58.75
57.9845
57.6716
57.7996
58.3741
59.4185
60.9758
63.1125
65.9294
69.5677
69.5079
65.6238
62.5995
60.2766
58.5481
57.3383
56.5988
56.3009
56.4335
57.0022
58.03
59.5585
61.6549
64.4147
67.9803
