 60.9684 -31.5274
 -11.984 -62.9572
-60.2377 -5.00125
-20.0432  55.2123
46.9452 34.4575
 46.0687 -33.9259
-18.6768 -52.1072
-54.1022  4.46449
-9.84188   54.445
51.1089 25.9789
 40.9322 -41.5231
-28.2001 -51.0346
-57.791  14.682
-0.886665   63.6754
65.5726 21.0184
 -64.658 -16.2477
-29.3345  56.5874
46.6115 44.1284
 55.8768 -29.0613
-9.46813 -57.7243
-54.3352 -4.39647
-16.4403  52.8246
48.7223 32.8427
 48.0303 -35.2313
 -17.89 -53.935
-54.9963  4.95559
-7.89646  58.4584
58.9067 27.5342
 47.8112 -48.3108
-31.8962 -59.7556
 67.6475 -23.8659
0.585857 -65.1237
 -55.591 -14.6223
-24.0618  51.3973
46.5697 40.1379
 55.6636 -29.6444
-8.12846 -57.8688
-53.1864 -4.61903
-14.5103  54.1002
53.8588 33.3391
53.3434 -39.811
-19.1348 -60.6619
-61.3387  5.58613
-58.1937 -27.0302
-33.6039  50.0419
44.0702 48.5723
 64.1046 -24.2425
 1.70832 -62.9181
-52.2266 -14.8615
-21.3825   50.186
49.5147 38.9806
59.0925 -32.708
-8.21214 -62.6715
-56.8351 -5.43929
-14.4569  59.5403
63.3155 36.2556
 73.9651 -17.8953
 12.5146 -69.2249
-52.1686 -26.0319
-29.5442  46.1913
45.0299 45.0889
 64.9876 -26.4959
2.23216 -65.677
-53.5509 -16.2985
-21.2211  52.4557
 55.427 40.6112
 66.3411 -38.7295
-39.4645  41.9195
 40.246 51.8488
  71.459 -19.8428
 12.6076 -69.4242
-51.2395 -27.1225
-28.6697  45.7657
48.2722 44.8557
69.5676 -30.686
 1.84644 -73.2887
78.5776 -12.282
 23.2059 -73.9095
-49.4592 -39.1728
-36.9893  39.1151
41.3847 49.1516
 73.0421 -22.9671
 12.5117 -74.2675
-54.9998 -29.8405
-30.912 48.9692
-46.4502  32.4472
33.5137  54.269
 76.5415 -15.4956
 22.4144 -75.7885
-50.7254 -41.1136
-37.8772  39.7157
44.2871 50.2613
-47.2429 -52.3824
-45.7299  30.5808
34.2624 52.6912
-37.9259  45.1595
44.0067  31.272
 53.6571 -50.8328
-22.0507 -83.0643
-74.8824  -19.289
35.4652 39.6919
 56.3273 -39.9765
-12.9463 -81.9393
-72.4935 -27.5974
-37.3911  44.4409
42.0712 31.2095
 51.8882 -50.1789
 59.7018 -28.8825
-4.18768 -80.9058
-70.2417 -35.6176
-46.1226  39.3035
32.0472 37.3099
 51.995 -37.832
-14.8243 -78.5735
-73.8444 -24.9947
-38.5523  48.0392
 5.74096 -80.2777
-68.2255 -43.3592
-54.2934  35.0735
22.7805 43.8625
52.5016 -26.643
-6.02774 -74.3572
-68.4035 -31.8598
-45.043 40.6684
 31.835 38.7191
 52.2486 -37.1379
-17.1081  -79.533
-63.138 30.9059
14.4516 50.8551
 53.9165 -15.3379
  2.9857 -70.5881
-63.5632 -37.7126
-51.0073  34.4555
21.5989 42.9818
 50.4534 -24.8838
-7.14645 -72.1448
-70.2734  -29.441
-46.3739   45.729
35.2428 44.0621
5.77201 59.1995
  56.442 -3.67832
 12.1913 -67.4827
-58.8107  -43.918
-56.5599  29.0611
13.0673  47.282
  49.664 -13.5599
 1.80763 -65.8009
-62.4993 -34.2465
-50.2935  37.0839
23.1124 45.9576
  53.312 -24.2728
-7.64484 -74.8124
 23.2131 -65.0162
-54.0799 -50.9485
-62.1713  24.2044
5.01628  52.186
 49.8228 -2.80291
 10.2245 -60.4437
-55.4435  -38.917
-53.5336  30.0797
13.8555 47.9342
50.3147 -12.211
 1.94595 -65.4157
-65.0105 -32.8915
-52.3735  43.2376
28.0361 53.4584
-49.4474 -59.7181
-68.9547  18.7596
-2.91355  57.8827
 51.115 7.68514
  19.406 -55.8412
-48.8103 -43.7934
-56.4087  24.2196
5.84994 50.3951
 48.5939 -1.68941
 10.2533 -57.9011
-55.1577 -36.7025
-53.4569  33.6642
16.8592 52.5862
 56.2729 -11.6957
 3.39655 -70.6235
-11.2905  64.9816
53.6628 19.3488
 29.5446 -52.2067
-42.5207 -49.3909
-59.8004  18.2484
-1.06007  53.2392
48.0517 7.74273
 18.6848 -51.6616
-46.7843 -40.1333
-54.207 26.1474
8.11548 52.5832
 52.1652 -1.03835
 12.1054 -59.9676
-58.5655 -37.4673
-56.9273   40.793
 42.2502 -49.1667
 -35.743 -57.0246
-63.9842  12.1263
-8.24394  56.7556
 48.495 17.4736
27.2802 -46.648
-38.8428 -44.3472
-55.3132  19.1858
 1.1796 53.0671
49.7423 8.37245
 20.2961 -51.7267
-47.3858 -40.0721
-55.5482  30.1193
12.0074  59.177
  61.6094 -0.436485
-70.0174  4.34421
-16.3795  61.1779
50.0371 27.6143
 37.2464 -42.2701
-31.0402  -49.632
-56.8333  12.5797
-5.44775  54.0727
48.5117  17.004
 28.1186 -45.3332
-37.6247 -43.2741
-54.5965  21.3364
4.13446 56.8362
56.2337 9.28891
 24.3255 -56.7263
-52.0128 -44.0982
52.4144 39.8913
 49.1424 -38.3853
-23.2571  -56.501
-59.3736   4.9786
-12.3049  55.5196
48.2696   25.31
36.6274 -39.941
 -28.659 -47.2349
-54.1066  13.5923
-2.71673  55.3537
52.8003 17.4784
 31.5871 -48.1471
-39.2253 -46.2389
-58.3496  25.0698
8.10429 65.7797
  -14.14 -66.2339
-63.3704 -4.22491
-19.9512  57.6173
48.5018  34.562
 45.8607 -35.4836
-20.2038 -52.2025
-54.4321  5.46214
-8.89688  54.4134
-28.6831 -48.9257
-55.6056  15.2702
-0.00767612     60.8266
62.1654 18.5806
 38.2559 -56.3507
-30.3457  60.3943
49.2533  45.224
 56.8799 -31.0119
-11.0895 -58.8927
-55.6741 -3.18527
-15.856 53.7738
49.0755 32.2139
 46.7617 -35.8628
-18.8965 -52.7075
-53.9237  5.88836
-6.62093  57.0346
57.0597 25.5345
 44.6901 -46.7311
-31.3411 -55.6463
-62.861 18.1257
-1.22722 -67.7025
-58.1421 -13.8116
-24.1216  53.3431
47.8546 40.1087
 55.325 -30.707
-9.32248 -57.5717
-53.1026 -3.29781
-13.4447  53.7991
53.1128 31.9013
  50.887 -39.4832
-19.5058 -57.8255
-58.3328  6.47775
-5.28518  64.4263
-33.8161  53.7709
47.6407  48.508
   65.26 -24.7689
0.235701 -63.6308
-53.3503 -12.5955
-22.0765    50.15
 49.346 38.5103
 57.3435 -33.4044
-10.2446 -60.5851
-55.1209 -5.37088
-13.0117  57.6024
61.3586 33.2051
 57.7922 -48.2365
 10.7873 -71.3126
-54.6004 -24.0967
-30.4841   47.092
45.8503 45.1737
 64.2564 -27.7392
-0.485258  -64.7371
-52.8445 -15.7586
-19.9672  51.7864
55.1672 37.9849
 62.2633 -39.8474
-9.41374 -69.6163
-41.0574  43.8946
 41.703 53.0494
 71.8793 -21.7986
 9.39735 -69.8284
 -51.436 -26.7612
-27.5277  46.3413
49.4029 42.8618
 68.2891 -29.3788
 1.42364 -70.9547
-57.9351 -16.4053
-20.0796  57.6979
 24.0704 -75.1659
-50.7563 -38.9312
-36.2262  40.9319
43.4173 48.2116
 72.5752 -22.4101
 11.4787 -73.0874
-54.1647 -27.4967
-27.3807  49.1129
52.5687  46.292
36.6374 54.4869
 77.1292 -15.0664
 21.4944 -75.7705
-51.2815 -38.7805
-35.0732   41.224
 43.647 49.1229
  76.229 -27.8614
-48.9594 -50.7386
-46.1284  30.4281
34.6945 52.3279
 77.4954 -19.6605
 19.1759 -80.7499
44.7905 32.0346
 53.9816 -51.7181
-23.5625 -82.7212
-74.2031 -16.4902
-27.487 49.3489
 57.6119 -41.6365
-15.0641 -82.9053
-73.3227 -25.0171
-37.0767  44.3703
 42.758 29.7257
 50.0079 -51.6427
-23.7132 -81.8986
-6.11906 -83.3607
-71.4086 -36.8918
-46.1606  40.2723
33.5274 36.6929
51.1961 -40.237
-14.4551 -78.3169
-72.8394 -24.4951
-36.1747  47.1922
44.3297 30.7827
-55.3097  36.7636
25.0874 44.1309
52.9506 -29.402
-5.77063  -75.079
-68.6513 -31.2345
-43.4069  40.9735
33.3808 36.0014
 50.8541 -36.9279
-17.7467 -77.5036
-77.0804 -20.6543
 17.062 52.5158
  55.689 -18.5608
 3.15318 -72.3043
-64.8108 -37.5936
-49.9009  35.9102
24.1825 41.2183
 50.0107 -25.1594
-8.41961 -71.4675
-69.5431  -26.991
-45.6835   43.459
33.9043  41.344
 53.9797 -38.9633
 59.9176 -7.02002
 12.9008 -70.2236
-61.1709 -44.2817
-56.2803  31.5048
12.9357 48.1147
 50.0608 -14.3027
0.301414 -66.3025
-63.0888 -32.2807
-49.8177  36.0884
23.0964  44.045
 50.8955 -25.4766
-10.5267 -72.3159
-73.5979 -27.5762
 -57.629 -52.2295
-63.2295  27.2856
5.18902 53.8789
 51.1631 -3.79201
 8.99088 -61.9769
-57.2447 -37.3576
-53.5242  29.9784
14.3612 46.9932
 49.096 -14.147
-1.18102 -64.6436
-63.3684 -32.0822
-49.691 41.9143
 28.162 48.9748
 58.5014 -23.9316
-71.6894  22.7621
-2.59904  60.8009
53.5444 7.13447
 18.4528 -58.5083
 -51.791 -42.8054
-57.1822  24.5767
6.91535 50.3113
  48.488 -4.01207
 10.4134 -57.5017
 -54.801 -35.9547
-51.5305  33.7112
17.9852 49.6526
 53.5388 -11.4053
1.82771 -67.546
-69.6663 -31.0799
57.5975 19.2634
  29.527 -55.9858
-43.6854 -51.7309
-61.397 19.2253
0.0384731   54.1999
49.012 5.6955
 18.8361 -52.0562
-47.2199 -39.8878
-53.1822  26.9673
9.98908 50.8635
 50.5567 -1.05222
 10.5199 -58.4707
-57.5751 -34.5344
-52.6874  40.4397
21.1679 58.4711
-37.5588 -60.5681
-66.9202  13.1836
-6.99607  58.9604
50.6896 15.5171
  27.905 -47.6478
-40.0809 -44.5649
-55.1035  20.7813
3.29868 52.5287
49.0471 7.98984
 18.6722 -51.4375
-47.6912 -37.8275
-54.2947  28.4848
11.6111 56.3434
 57.9565 -1.83408
 12.1815 -65.1557
-15.3347  65.1109
53.5953 26.4359
38.4452 -44.053
 -33.076 -50.5398
-57.6982  14.4864
-6.16916  54.6493
48.6937 16.5386
 26.9124 -45.8813
-39.0136 -41.5895
-53.9235  20.7067
4.25889 55.1878
54.1904 7.42527
  20.595 -55.3981
-49.4749 -41.9829
-58.0603  35.5368
  51.487 -41.0794
-25.6996 -58.6996
-61.5129  7.35924
-12.9977  57.0113
49.2269  25.348
35.7676 -41.415
-31.0098 -46.1974
-54.1576  13.3822
-2.1539 54.7063
52.0567 15.4348
  28.438 -48.1701
-38.2246 -44.4992
-55.5258  25.0264
9.33637 61.9148
64.6394 10.5204
-67.3576 -1.54548
-21.2346  60.2376
50.4875  35.143
 45.9108 -37.6003
-23.1191 -52.1774
-55.2284  5.75088
-8.40255  54.7212
50.9571 23.0599
 38.7893 -40.4309
-28.4335 -47.8449
-53.9225  15.9965
 35.5698 -53.5193
-43.8171 -50.0334
52.3331 47.1232
 58.0639 -34.1188
-14.7189 -60.1369
-57.4428  -3.0041
-15.3054  55.1801
50.5153 30.8372
 46.9432 -35.4895
-19.4184 -52.1743
-53.2189  7.30834
-4.56222   56.219
55.213 25.019
 42.3181 -45.4903
-31.3056 -52.1836
-58.5951  19.8297
2.73333  68.017
 -61.253 -13.6544
-23.832  56.102
50.3469 39.5652
 56.1157 -30.9183
-10.5037 -57.7696
 -53.429 -1.67245
-11.1663  54.3075
52.3188 31.4733
 49.1658 -39.1962
-20.7183 -55.2764
-55.7132  9.24545
-4.80732  61.5216
 65.588 25.5971
50.0293 50.2906
 66.7907 -26.2354
-1.07387  -64.933
-54.6721 -11.7785
-18.6665  52.6667
49.7912 38.1139
 56.4174 -33.7512
-11.0439 -59.3645
 -53.991 -4.24561
-11.7942  56.2325
59.5821 31.2708
 54.5681 -46.6802
-21.3926 -65.1128
-57.1543 -23.6768
-30.8178   49.115
47.0741 45.6119
 64.2647 -28.5879
-1.50813 -64.4908
-52.7445 -14.6238
-18.9105  51.5721
 54.562 36.6071
 59.9999 -39.3564
-9.80079 -66.6891
 -59.855 -3.77658
43.5763 54.7722
 73.1198 -22.9775
 8.37339 -70.7015
-52.3692 -25.8212
-26.9325  47.1006
49.7373 42.1617
 65.5364 -32.9911
0.530483 -69.2061
-56.1833  -14.944
-18.1861  55.8828
60.2796 40.7597
-52.7975 -38.5744
-36.3529  42.6081
44.4525 48.4484
 72.3935 -23.0809
 10.4375 -72.4702
-53.5864 -26.1278
-25.8577  48.5947
51.9636  44.328
72.0851 -36.234
 78.2087 -15.9313
  20.642 -76.3229
 -51.784 -37.7147
-34.0941  41.7468
44.0155 48.0497
 74.5382 -28.1901
8.31871 -78.856
-43.4368  34.9232
35.7173 52.2927
 77.0285 -20.4179
 18.1071 -79.7478
-53.6942 -42.2617
-24.4673 -83.0693
 -73.993 -15.5878
-26.1868  49.0079
53.0565 21.1811
-16.0188 -84.5484
-74.3468 -24.3119
-36.2476   45.125
43.5936  28.812
 49.2512 -52.2835
 -28.016 -79.6901
-75.8743 -15.6465
-74.8882 -33.0783
-46.1534  41.9338
35.0096  36.711
51.3973  -41.51
-18.9669 -77.9172
-72.4143 -23.6796
-34.7388  46.5026
43.8605 28.8269
 50.1928 -50.1934
27.0986 45.2328
 54.2456 -30.9513
-6.58225  -76.347
-69.3551 -30.7334
-42.5589  41.3091
 33.834 34.8393
 49.6718 -37.6198
-18.4119  -76.088
-75.0221 -19.5878
-34.6703   52.279
 58.2908 -20.0312
 2.64626 -74.7344
-66.5505 -37.6195
-49.8245  37.0426
25.1595 40.9669
49.8489 -26.213
-9.29369 -71.2625
-68.8831 -26.0595
-41.0609  44.4282
  33.32 38.8978
  51.088 -38.8118
 -21.951 -78.3752
 13.0609 -73.9579
  -63.89 -45.2158
-57.2611  33.2334
17.4611 47.4869
50.8747 -15.498
-0.504136    -67.13
-63.5037 -31.6956
-48.9452  36.1043
23.2872 42.6015
 49.2274 -26.1376
 -11.461 -70.4831
-71.2972  -26.133
-44.6587  49.9357
-65.5574  29.6027
6.63128 55.9053
 53.0342 -4.74932
  8.5742 -63.7423
-58.5482 -37.3073
-53.3931  30.7226
15.0499  46.445
48.4654 -15.053
-2.32134 -64.0614
-62.5341 -30.8998
-47.8228  40.7421
27.2829 46.0762
 53.6184 -27.8087
-9.57191 -75.3302
-1.43473  64.5185
 56.703 6.51184
 18.5544 -61.2996
 -53.882 -43.5244
-58.0252  25.7409
7.84568  50.705
 48.7673 -5.01706
 6.42365 -58.8221
-54.9678 -35.2381
-50.391 33.5641
18.0006 47.8151
 51.3417 -12.1301
0.475803 -65.2325
-67.0169 -28.9966
-49.4704  49.5235
