-53.8732        0
  0.015 1.5e-05
  0.0299999 5.99999e-05
0.0449997  0.000135
  0.0599994 0.000239999
  0.0749988 0.000374997
29.9097 57.4475
14.4273 46.8317
4.75504 40.1997
-2.24741  35.3983
   0.14999 0.00149995
  0.164987 0.00181493
 0.179983 0.0021599
  0.194978 0.00253486
  0.209973 0.00293981
-32.8264  14.4312
-40.1131   9.4349
-50.3517  2.41466
-67.1652  -9.1139
  0.284931 0.00541435
  0.29992 0.0059992
  0.314907 0.00661403
  0.329894 0.00725883
 0.344878 0.0079336
 18.044 49.3116
7.23824 41.9024
-0.330042    36.713
 0.404803 0.0109323
  0.41978 0.0117569
 0.434756 0.0126115
  0.44973 0.0134959
 0.464702 0.0144104
-31.0877  15.6234
-37.9127  10.9436
-47.2041  4.57275
-61.751 -5.4017
 0.539533 0.0194316
 0.554493 0.0205256
 0.569451 0.0216496
 0.584407 0.0228034
  0.59936 0.0239872
22.1526 52.1289
9.95035 43.7621
1.71015  38.112
 0.659148 0.0290212
 0.674089 0.0303545
 0.689027 0.0317176
 0.703962 0.0331106
 0.718894 0.0345334
 0.733824 0.0359862
-35.8477  12.3595
-44.3565  6.52527
-57.1281 -2.23184
 0.793512 0.0420955
 0.808426 0.0436975
 0.823337 0.0453292
 0.838244 0.0469908
 0.853149 0.0486822
 26.884 55.3728
12.9366 45.8096
3.89285 39.6085
-2.82087  35.0051
 0.927618 0.0575861
 0.942501 0.0594562
  0.95738 0.0613561
 0.972255 0.0632857
 0.987127 0.0652451
-33.8958  13.6981
-41.7524  8.31107
-53.1086 0.524497
  1.04657 0.0733799
  1.06142 0.0754879
  1.07627 0.0776256
 1.09111 0.079793
  1.10595 0.0819901
32.4214 59.1693
16.2554  48.085
6.24213 41.2191
-0.966113   36.2768
  1.18008 0.0934203
  1.19489 0.0957952
  1.20969 0.0981998
 1.22449 0.100634
 1.23929 0.103098
-32.0384  14.9716
-39.3477  9.96002
-49.5585  2.95896
-66.1784 -8.43661
 1.3132 0.11586
 1.32796 0.118502
 1.34272 0.121172
 1.35748 0.123872
 1.37223 0.126602
19.9831 50.6405
8.78763 42.9643
0.995047  37.6213
 1.43117 0.137816
 1.44589 0.140693
 1.46061 0.143599
 1.47532 0.146535
 1.49002 0.149501
-30.2607  16.1907
-37.1082  11.4958
-46.3804  5.13818
-60.7849 -4.73806
 1.56345 0.164768
1.57812 0.16791
 1.59278 0.171081
 1.60743 0.174281
1.62208 0.17751
24.2215 53.5463
11.5666 44.8695
3.07937 39.0503
 1.68061 0.190721
 1.69522 0.194097
 1.70983 0.197502
 1.72443 0.200937
1.73903  0.2044
 1.75362 0.207893
-35.0063  12.9371
-43.5017  7.11224
-56.1651 -1.57028
  1.8119 0.222155
 1.82645 0.225793
 1.84099 0.229461
 1.85553 0.233157
 1.87006 0.236883
29.1094 56.8974
14.6262 46.9671
5.30705 40.5775
-1.57457  35.8592
  1.9426 0.255946
 1.95708 0.259846
 1.97156 0.263775
 1.98603 0.267732
 2.00049 0.271719
-33.0199  14.2992
-40.8668  8.91907
-52.1383    1.191
 2.05825 0.287954
 2.07267 0.292085
 2.08708 0.296245
 2.10149 0.300433
 2.11588 0.304651
34.8418 60.8274
18.0273 49.2988
7.70274 42.2199
0.313213  37.1534
 2.18773 0.326169
 2.20207 0.330559
  2.2164 0.334977
 2.23073 0.339424
2.24505  0.3439
-31.1308  15.5945
-38.4327  10.5882
-48.5752  3.63426
-64.9415 -7.58693
 2.31649 0.366708
 2.33076 0.371356
 2.34501 0.376031
 2.35925 0.380736
 2.37349 0.385468
21.8499 51.9194
10.2972 43.9986
2.30668 38.5201
 2.43033 0.404684
 2.44451 0.409559
 2.45869 0.414462
 2.47285 0.419393
 2.48701 0.424353
-29.324 16.8334
-36.1655  12.1427
-45.3811  5.82437
-59.5886  -3.9165
 2.55764 0.449577
 2.57174 0.454706
 2.58582 0.459864
 2.5999 0.46505
 2.61396 0.470263
26.2009 54.9023
13.1289   45.94
4.42304 39.9712
-2.16026  35.4573
 2.68413 0.496754
 2.69813 0.502137
 2.71212 0.507547
  2.7261 0.512985
-27.5869  18.0245
-34.038 13.6015
-42.4852  7.81001
 -54.9909 -0.764082
 2.79583 0.540595
 2.80975 0.546201
 2.82365 0.551834
 2.83754 0.557495
 2.85142 0.563184
31.2272 58.3479
16.2469 48.0774
6.68315 41.5204
-0.341164   36.7045
 2.92064 0.592045
2.93445  0.5979
 2.94825 0.603783
 2.96204 0.609693
 2.97581 0.615631
-32.0283  14.9794
-39.8331  9.62847
-50.9748  1.98977
 3.03079 0.639658
 3.04451 0.645733
 3.05821 0.651836
  3.0719 0.657966
 3.08558 0.664123
 3.09924 0.670308
19.7142 50.4544
9.11206 43.1856
1.56811 38.0134
 3.15378 0.695321
 3.16738 0.701642
3.18097 0.70799
 3.19455 0.714366
 3.20812 0.720769
-30.1185  16.2891
-37.3825  11.3088
-47.4158  4.43015
-63.4691 -6.57603
 3.27575 0.753188
 3.28924 0.759753
 3.30271 0.766345
 3.31617 0.772964
3.32962 0.77961
23.6091 53.1301
11.7371  44.989
3.57822 39.3941
 3.38327 0.806462
 3.39665 0.813242
 3.41002 0.820049
 3.42337 0.826882
 3.43671 0.833742
-28.2952  17.5372
-35.1013  12.8699
-44.2222  6.61546
-58.1783 -2.95478
  3.5032 0.868442
 3.51646 0.875462
  3.5297 0.882508
 3.54293 0.889581
3.55614 0.89668
28.0542 56.1778
14.6066 46.9564
5.71427 40.8587
-0.976388   36.2706
   3.622 0.932571
 3.63513 0.939829
 3.64824 0.947112
 3.66134 0.954422
-26.5426   18.739
-32.9608  14.3379
-41.3244  8.60281
-53.6233 0.169149
 3.72661 0.991362
 3.73962 0.998828
3.75261 1.00632
3.76559 1.01384
3.77856 1.02138
33.1983  59.705
17.7666 49.1232
7.99336 42.4214
0.854135  37.5258
3.84316 1.05949
3.85603 1.06719
3.86889 1.07492
3.88173 1.08267
3.89456 1.09044
-30.9398   15.724
-38.6694  10.4236
-49.6371  2.90287
3.94571  1.1218
3.95846 1.12971
3.97119 1.13764
3.98391 1.14559
3.99661 1.15357
4.00929 1.16158
 21.283 51.5341
10.4418 44.1001
2.77322 38.8416
4.05987 1.19386
4.07247 1.20199
4.08506 1.21015
4.09763 1.21833
4.11019 1.22654
-29.0208  17.0399
-36.2161  12.1059
-46.0994  5.32885
-61.7822 -5.42517
4.17272 1.26795
4.18517 1.27631
4.19761 1.28469
4.21003  1.2931
4.22244 1.30154
25.2425 54.2489
13.0915 45.9169
4.79524 40.2281
-1.58985  35.8497
4.28421 1.34407
4.29652 1.35265
 4.3088 1.36126
4.32107 1.36989
-27.1889  18.2961
-33.9319  13.6725
-42.9217  7.50823
-56.5764   -1.855
4.38215  1.4134
4.39432 1.42218
4.40647 1.43098
 4.4186 1.43981
4.43071 1.44866
29.7621 57.3477
15.9834 47.8997
 6.9381 41.6973
0.166911  37.0542
  4.491 1.49326
  4.503 1.50226
4.51499 1.51128
4.52696 1.52032
4.53891 1.52938
-31.7903  15.1411
-40.0369  9.48654
-52.084  1.2258
4.58653 1.56589
4.59838 1.57507
4.61022 1.58428
4.62205 1.59351
4.63385 1.60277
35.0041 60.9415
19.1699 50.0843
9.22343  43.264
1.99765 38.3094
4.69259  1.6494
4.70428  1.6588
4.71595 1.66822
4.72761 1.67766
4.73924 1.68713
-29.7701  16.5264
-37.3934  11.2992
-48.1458  3.92639
4.78559 1.72523
4.79713 1.73481
4.80865 1.74442
4.82015 1.75405
4.83164  1.7637
 4.8431 1.77337
22.7183 52.5173
11.6774 44.9467
3.91454 39.6236
4.88876  1.8123
4.90012 1.82209
4.91147  1.8319
4.92279 1.84174
 4.9341 1.85159
-27.8535  17.8406
-34.951 12.9739
-44.6464  6.32582
-59.9067 -4.13817
4.99034 1.90122
5.00152 1.91121
5.01269 1.92122
5.02384 1.93126
5.03496 1.94132
26.7191 55.2604
14.3333 46.7677
5.93279 41.0076
-0.501561   36.5955
 5.0903 1.99195
 5.1013 2.00214
5.11229 2.01235
5.12325 2.02259
-26.0261  19.0938
-32.6779  14.5327
-41.5014  8.48284
  -54.807 -0.640648
5.17777 2.07409
5.18861 2.08446
5.19943 2.09485
5.21023 2.10526
5.22101 2.11569
31.2931 58.3963
17.2322 48.7552
8.06975 42.4727
1.24618  37.794
5.27459 2.16817
5.28524 2.17873
5.29588 2.18931
5.30649 2.19992
5.31708 2.21054
-30.5482  15.9933
-38.645 10.4416
-50.3966  2.38378
5.35922 2.25325
 5.3697 2.26398
5.38016 2.27473
5.3906 2.2855
5.40102 2.29629
36.6112 62.0425
20.4286 50.9466
 10.348 44.0347
3.06557 39.0414
5.45279 2.35056
5.46308 2.36148
5.47334 2.37242
5.48358 2.38337
5.49381 2.39435
-28.541 17.3695
-36.0277  12.2361
-46.5249  5.03837
 -63.714 -6.74727
5.54459 2.44955
5.55468 2.46065
5.56474 2.47177
5.57479 2.48291
5.58481 2.49407
23.9918 53.3896
12.7939 45.7114
4.96884 40.3461
5.62468 2.53891
5.63459 2.55017
5.64448 2.56145
5.65434 2.57275
5.66419 2.58407
-26.6389   18.674
-33.6104   13.894
-43.0821   7.3996
-57.8724 -2.74154
5.71306 2.64096
5.72277  2.6524
5.73245 2.66385
5.74211 2.67533
5.75175 2.68682
28.0142 56.1473
 15.441 47.5264
6.97074 41.7188
5.79007 2.73299
5.79959 2.74458
5.80909 2.75619
5.81857 2.76782
5.82802 2.77947
-24.8275  19.9162
-31.3616   15.436
-39.9853  9.52316
 -52.898 0.669371
5.87493 2.83799
5.88424 2.84975
5.89353 2.86153
 5.9028 2.87333
5.91204 2.88514
32.6235 59.3074
18.3324 49.5087
9.08987 43.1716
2.24261 38.4766
5.95789  2.9445
5.96699 2.95643
5.97607 2.96837
5.98512 2.98034
5.99414 2.99232
-29.2564  16.8794
-37.1728  11.4516
-48.5898   3.6241
6.03001 3.04042
6.03892 3.05249
 6.0478 3.06458
6.05666 3.07668
 6.0655 3.08881
37.9954 62.9898
21.5223 51.6953
 11.348 44.7195
4.03953 39.7085
 6.1093 3.14969
6.11799 3.16192
6.12666 3.17417
6.13529 3.18643
6.14391 3.19871
-27.2742  18.2387
-34.5959  13.2187
-44.8024  6.22071
-61.367 -5.1368
6.18661 3.26038
6.19508 3.27276
6.20352 3.28516
6.21194 3.29758
6.22033 3.31001
25.0825 54.1365
13.7725 46.3816
5.91769 40.9962
6.25365 3.35992
6.26192 3.37244
6.27016 3.38497
6.27838 3.39752
6.28657 3.41009
-25.398 19.5252
-32.2168  14.8501
-41.4315  8.53207
  -55.71 -1.25751
6.32718 3.47298
6.33522 3.48565
6.34323 3.49833
6.35122 3.51102
6.35919 3.52373
29.1092 56.8973
16.3969  48.181
7.89181 42.3497
6.39079 3.57473
6.39863 3.58752
6.40644 3.60032
6.41423 3.61314
6.42199 3.62598
6.42973 3.63883
-30.0058  16.3663
-38.3995  10.6112
-50.8812  2.05349
6.46041 3.69039
6.46801 3.70332
6.47559 3.71626
6.48315 3.72922
6.49068 3.74219
33.7329 60.0667
19.2655 50.1477
9.98087 43.7819
3.13858 39.0907
6.52793 3.80729
 6.5353 3.82035
6.54265 3.83343
6.54997 3.84652
6.55726 3.85963
-27.9374  17.7843
-35.6453  12.4996
-46.6918  4.92569
6.58617  3.9122
6.59334 3.92538
6.60047 3.93857
6.60758 3.95178
6.61467   3.965
39.1383 63.7717
22.4342 52.3195
12.2071 45.3075
4.90282 40.2998
6.64968 4.03133
6.65661 4.04463
6.66351 4.05795
6.67038 4.07129
6.67722 4.08463
-25.992 19.1186
-33.1227  14.2298
-43.0063  7.45368
-58.9087 -3.44911
6.71104 4.15157
6.71772   4.165
6.72438 4.17844
6.73101  4.1919
6.73761 4.20537
25.9801  54.745
14.6013 46.9454
 6.7486 41.5629
6.76375 4.25937
6.77022 4.27291
6.77666 4.28645
6.78307 4.30001
6.78946 4.31358
6.79582 4.32717
-30.794 15.8294
-39.7232  9.70893
-53.4529 0.297932
6.82098 4.38164
6.82721 4.39528
 6.8334 4.40894
6.83957 4.42262
6.84571  4.4363
 29.993 57.4954
17.1905   48.72
8.68466 42.8898
   6.87 4.49117
  6.876 4.50491
6.88198 4.51867
6.88793 4.53244
6.89385 4.54622
6.89974 4.56001
-28.6321  17.3113
-36.7697  11.7336
-48.7877  3.49594
6.92304  4.6153
 6.9288 4.62916
6.93453 4.64302
6.94023 4.65689
 6.9459 4.67078
34.6124  60.661
20.0226 50.6608
10.7326 44.2933
 3.9229 39.6257
6.97384 4.74038
6.97935 4.75433
6.98483 4.76829
6.99027 4.78227
 6.9957 4.79625
-26.6122  18.6961
-34.0873  13.5724
-44.7342  6.27468
 7.0171 4.85231
7.02238 4.86634
7.02764 4.88039
7.03286 4.89445
7.03806 4.90853
40.0287 64.3737
23.1541 52.8074
12.9145  45.789
5.64402 40.8053
7.06362 4.97903
7.06865 4.99317
7.07365 5.00731
7.07862 5.02146
7.08356 5.03562
-24.7147  19.9968
-31.6316  15.2557
-41.1647  8.72152
 -56.375 -1.70357
7.10785 5.10658
7.11262  5.1208
7.11737 5.13503
7.12208 5.14927
7.12677 5.16352
26.6607 55.2108
15.2588 47.3954
7.44048 42.0366
7.14523  5.2206
7.14978  5.2349
7.15429  5.2492
7.15878 5.26352
7.16324 5.27784
7.16767 5.29217
-29.3679  16.8075
-37.9853  10.9013
-51.1369  1.88705
 7.1851 5.34958
7.18939 5.36395
7.19365 5.37834
7.19788 5.39273
7.20208 5.40713
30.6427 57.9395
  17.8 49.137
9.32794 43.3303
7.21859 5.46481
7.22264 5.47925
7.22667  5.4937
7.23067 5.50816
7.23464 5.52262
7.23858 5.53709
-27.2672  18.2476
-35.124 12.8623
-46.6499  4.96224
7.25405 5.59506
7.25784 5.60958
7.26161 5.62409
7.26535 5.63862
7.26906 5.65315
35.2391 61.0901
20.5826 51.0441
11.3245 44.6987
 7.2836 5.71137
7.28716 5.72594
7.29069 5.74051
7.2942 5.7551
7.29767 5.76969
7.30112 5.78429
-25.3067  19.5915
-32.5269  14.6429
-42.7481  7.63726
-59.7398 -4.00887
7.31791 5.85738
7.32118 5.87202
7.32442 5.88667
7.32763 5.90132
40.6472 64.7961
23.6639 53.1559
13.4522 46.1569
6.24399 41.2164
7.34325 5.97467
7.34629 5.98936
 7.3493 6.00406
7.35227 6.01876
7.35522 6.03347
7.35814 6.04818
-30.1505  16.2719
-39.3096  9.99424
  -53.802 0.0611973
7.36952 6.10709
7.37229 6.12183
7.37503 6.13658
7.37774 6.15133
7.38042 6.16609
27.1213 55.5254
15.7398 47.7247
7.98612 42.4104
7.39086 6.22517
7.39339 6.23996
 7.3959 6.25475
7.39838 6.26954
7.40082 6.28434
7.40324 6.29914
-27.9617  17.7722
-36.2459   12.094
-48.7972  3.49177
7.41261 6.35841
7.41488 6.37323
7.41712 6.38806
7.41932  6.4029
 7.4215 6.41774
31.0575 58.2244
18.2222 49.4269
9.81586 43.6654
7.42992 6.47715
7.43195 6.49201
7.43396 6.50687
7.43593 6.52174
7.43787 6.53662
7.43978  6.5515
-25.9304  19.1621
-33.4854  13.9823
-44.4943  6.43521
7.44713 6.61104
7.44889 6.62594
7.45063 6.64084
7.45233 6.65574
  7.454 6.67065
35.6219 61.3612
20.9463 51.2996
11.7526 44.9968
7.4604 6.7303
7.46192 6.74523
7.46342 6.76015
7.46488 6.77508
7.46632 6.79001
7.46772 6.80494
 7.4691 6.81988
-30.981 15.6957
-40.7501  8.99688
-56.8363 -2.03473
 7.4743 6.87965
7.47553  6.8946
7.47672 6.90955
7.47789 6.92451
41.0161 65.0687
23.9693  53.379
13.8186 46.4176
7.48225 6.98435
7.48327 6.99931
7.48426 7.01428
7.48521 7.02925
7.48614 7.04422
7.48703 7.05919
 7.4879 7.07417
-28.6919  17.2617
-37.4501  11.2544
-51.1913  1.82841
7.49107 7.13408
7.49179 7.14907
7.49247 7.16405
7.49313 7.17904
7.49376 7.19402
27.3708 55.7184
16.0422 47.9471
8.37756 42.6892
7.49596 7.25398
7.49644 7.26897
7.49689 7.28397
 7.4973 7.29896
7.49769 7.31396
7.49805 7.32895
-26.5861  18.7027
-34.5109  13.2656
-46.4253  5.09044
7.49918 7.38894
7.49938 7.40394
7.49956 7.41894
7.49971 7.43394
7.49983 7.44894
31.2559   58.39
18.4589 49.6093
10.1434 43.9039
7.49999 7.50893
7.49996 7.52393
 7.4999 7.53893
7.49981 7.55393
7.49968 7.56893
7.49953 7.58393
7.49935 7.59893
-31.8686  15.0736
-42.3333  7.89173
-60.3491 -4.47351
7.49832 7.65892
7.49798 7.67392
7.49762 7.68891
7.49723 7.70391
35.7734 61.4978
21.1148 51.4371
12.0132 45.1907
7.49536 7.76388
7.49481 7.77887
7.49424 7.79385
7.49364 7.80884
7.49301 7.82383
7.49234 7.83881
7.49165  7.8538
-29.4644  16.7507
-38.7681  10.3777
  -53.9413 -0.0158477
7.48858 7.91372
7.48774 7.92869
7.48687 7.94367
7.48596 7.95864
41.1921 65.1537
24.1146 53.4545
14.0479 46.5586
7.48206 8.01851
  7.481 8.03347
7.47992 8.04843
7.47881 8.06339
7.47767 8.07835
7.4765 8.0933
7.47529 8.10826
-27.2766  18.2463
-35.625 12.5257
-48.6133  3.62642
7.47019 8.16804
7.46884 8.18298
7.46746 8.19791
7.46605 8.21285
7.46461 8.22778
27.4497 55.7458
16.2008 48.0381
7.46011 8.27255
7.45855 8.28747
7.45696 8.30238
7.45534  8.3173
7.45369  8.3322
7.45201 8.34711
 7.4503 8.36201
7.44856 8.37691
-32.8257  14.4393
-44.1064  6.70711
7.44316 8.42158
7.44131 8.43647
7.43942 8.45135
 7.4375 8.46623
7.43555  8.4811
31.2721 58.3725
18.5449 49.6495
10.3418 44.0261
7.42747 8.54055
7.42537  8.5554
7.42324 8.57025
7.42109  8.5851
 7.4189 8.59994
7.41669 8.61477
7.41444  8.6296
-30.3099  16.1595
-40.2319  9.35669
-57.1307 -2.22868
7.40517 8.68888
7.40278 8.70369
7.40036 8.71849
 7.3979 8.73329
35.7323 61.4378
21.1265 51.4234
12.1396 45.2623
 7.3878 8.79243
7.3852 8.8072
7.38257 8.82197
7.37991 8.83673
7.37723 8.85149
7.37451 8.86624
7.37176 8.88099
-28.031 17.7184
-36.8556  11.6665
-51.1141  1.88889
7.36048 8.93992
7.35758 8.95463
7.35466 8.96935
7.35171 8.98405
41.0533 65.0944
24.0058 53.4034
14.0619 46.5844
 7.3396 9.04282
 7.3365 9.05749
7.33337 9.07216
7.33021 9.08682
7.32702 9.10148
 7.3238 9.11613
7.32056 9.13078
7.31728 9.14542
-33.8798   13.703
-46.1111  5.31254
7.30728 9.18929
7.30388  9.2039
7.30046  9.2185
7.29701  9.2331
7.29353 9.24769
27.2642 55.6444
16.137 48.012
7.28291 9.29142
7.27932 9.30598
7.27569 9.32054
7.27203 9.33508
7.26835 9.34962
7.26464 9.36416
7.26089 9.37868
7.25712  9.3932
-31.2292  15.5167
-41.8707  8.21486
-60.9047 -4.84461
7.24174 9.45119
7.23783 9.46567
7.23388 9.48015
7.22991 9.49461
31.0115 58.2231
18.4012 49.5701
7.21781 9.53795
7.21372 9.55238
 7.2096 9.56681
7.20545 9.58122
7.20127 9.59563
7.19707 9.61003
7.19283 9.62442
7.18857  9.6388
-28.8484  17.1462
-38.2216  10.7129
-54.0196 -0.12923
7.17123 9.69623
7.16682 9.71057
7.16239  9.7249
7.15793 9.73922
35.4054  61.246
 20.901 51.2907
12.0597 45.2223
7.13978 9.79641
7.13517 9.81069
7.13054 9.82495
7.12588 9.83921
7.12118 9.85346
7.11646 9.86769
7.11171 9.88192
7.10694 9.89614
-35.0372  12.9337
-48.4099  3.77238
7.09243 9.93874
7.08754 9.95292
7.08262 9.96709
7.07767 9.98125
40.726 64.834
23.7401 53.1984
13.9394 46.4844
7.05759 10.0378
 7.0525 10.0519
7.04739  10.066
7.04224 10.0801
7.03707 10.0942
7.03186 10.1082
7.02663 10.1223
7.02138 10.1363
-32.2308   14.851
-43.7259  6.97445
7.00543 10.1784
7.00006 10.1924
6.99466 10.2064
6.98923 10.2204
6.98378 10.2344
26.9178 55.3819
15.9342 47.8553
6.96725 10.2762
6.96168 10.2902
6.95609 10.3041
6.95047  10.318
6.94482 10.3319
6.93914 10.3458
6.93343 10.3596
 6.9277 10.3735
-29.7334  16.5587
-39.7523  9.69202
-57.4614 -2.44644
6.90449 10.4288
6.89862 10.4426
6.89272 10.4564
6.88679 10.4702
30.588 57.904
18.1156 49.3554
6.86885 10.5115
6.86281 10.5252
6.85675 10.5389
6.85066 10.5526
6.84454 10.5663
6.83839   10.58
6.83222 10.5937
6.82602 10.6073
-27.4911  18.0918
-36.329 12.0329
-51.0738  1.92356
6.80094 10.6618
6.79461 10.6754
6.78824  10.689
6.78185 10.7026
34.911 60.875
20.5317 51.0169
6.76251 10.7432
6.75601 10.7567
6.74948 10.7702
6.74293 10.7837
6.73635 10.7972
6.72974 10.8107
6.72311 10.8241
6.71645 10.8376
6.70976  10.851
-33.3437  14.0742
-45.8484   5.4989
6.68953 10.8912
6.68274 10.9046
6.67591 10.9179
6.66906 10.9313
40.1209 64.4559
23.2438 52.8814
13.6139  46.277
 6.6414 10.9845
6.63442 10.9978
6.62741  11.011
6.62038 11.0243
6.61331 11.0375
6.60623 11.0507
6.59911 11.0639
6.59197 11.0771
-30.7122  15.8745
-41.4841  8.48551
6.57039 11.1166
6.56314 11.1298
6.55587 11.1429
6.54857  11.156
6.54125 11.1691
 26.336 55.0083
 15.525 47.5926
6.51911 11.2083
6.51168 11.2213
6.50423 11.2343
6.49675 11.2473
6.48924 11.2603
6.48171 11.2733
6.47415 11.2862
6.46656 11.2992
-28.3712  17.4765
-37.7764  11.0233
 -54.2121 -0.253847
6.43596 11.3508
6.42825 11.3636
6.42051 11.3765
6.41274 11.3893
29.9234 57.4762
17.6222 49.0359
6.38929 11.4277
6.38142 11.4405
6.37353 11.4532
6.36561  11.466
6.35767 11.4787
 6.3497 11.4914
 6.3417 11.5041
6.33368 11.5168
6.32563 11.5294
-34.582   13.21
-48.3089  3.78895
6.30135 11.5673
 6.2932 11.5799
6.28503 11.5925
6.27683  11.605
34.1705 60.3982
19.9526 50.6401
6.25209 11.6426
6.24379 11.6551
6.23547 11.6676
6.22712 11.6801
6.21875 11.6925
6.21035 11.7049
6.20193 11.7174
6.19348 11.7298
6.18501 11.7421
-31.7918  15.1564
-43.4716  7.15456
6.15944 11.7792
6.15087 11.7915
6.14228 11.8038
6.13366  11.816
39.3708 63.9078
 22.619 52.4319
6.10765 11.8528
6.09893  11.865
6.09019 11.8772
6.08143 11.8893
6.07263 11.9015
6.06382 11.9136
6.05498 11.9257
6.04612 11.9378
6.03723 11.9499
-29.3346  16.8356
-39.4182   9.9255
-57.9888 -2.79962
6.00144 11.9981
5.99243 12.0101
 5.9834 12.0221
45.7978 68.3207
25.6274 54.4983
14.9987 47.2148
5.94703 12.0698
5.93788 12.0817
5.92871 12.0935
5.91951 12.1054
5.91028 12.1172
5.90104  12.129
5.89177 12.1408
5.88247 12.1526
5.87316 12.1643
-35.9709  12.2824
-51.2123  1.83576
5.84507 12.1995
5.83566 12.2112
5.82622 12.2228
5.81677 12.2345
29.1352  56.909
17.0137 48.6001
5.78826 12.2693
5.77871 12.2809
5.76913 12.2924
5.75954 12.3039
5.74992 12.3154
5.74027 12.3269
5.73061 12.3384
5.72092 12.3499
5.71121 12.3613
-32.9991  14.3146
-45.7713    5.558
5.68194 12.3955
5.67214 12.4068
5.66231 12.4182
5.65246 12.4295
33.3108 59.7788
19.2614 50.1457
5.62279 12.4633
5.61285 12.4745
5.60289 12.4857
5.59291 12.4969
 5.5829 12.5081
5.57288 12.5193
5.56283 12.5304
5.55275 12.5415
5.54266 12.5526
-30.4079  16.0875
-41.2966  8.61961
5.51225 12.5858
5.50206 12.5968
5.49186 12.6078
5.48163 12.6188
38.4051 63.2801
21.8049 51.8958
5.45082 12.6516
5.44051 12.6624
5.43017 12.6733
5.41981 12.6842
5.40943  12.695
5.39903 12.7058
5.38861 12.7166
5.37817 12.7274
 5.3677 12.7381
5.35722 12.7488
-37.5471  11.1854
 -54.6795 -0.566927
5.32563 12.7809
5.31506 12.7915
5.30446 12.8021
44.8067 67.6803
24.7319 53.9093
14.3001 46.7527
5.26188 12.8444
5.25118 12.8549
5.24046 12.8654
5.22972 12.8759
5.21895 12.8863
5.20817 12.8968
5.19737 12.9072
5.18654 12.9175
 5.1757 12.9279
-34.3559  13.3696
-48.4719  3.68297
5.14304 12.9589
5.13211 12.9691
5.12116 12.9794
5.11019 12.9896
28.1623  56.268
16.2355  48.084
5.07716 13.0202
5.06611 13.0303
5.05504 13.0404
5.04395 13.0505
5.03284 13.0606
5.02171 13.0707
5.01056 13.0807
4.99939 13.0907
 4.9882 13.1007
-31.604 15.2538
-43.4706  7.10867
 4.9545 13.1305
4.94323 13.1404
4.93194 13.1503
4.92063 13.1602
32.2703 59.0944
18.4032  49.577
4.88658 13.1896
4.87519 13.1993
4.86378 13.2091
4.85236 13.2188
4.84091 13.2285
4.82944 13.2382
4.81796 13.2478
4.80645 13.2574
4.79493  13.267
4.78338 13.2766
-39.3544  9.97555
-58.9302  -3.4357
4.74864 13.3052
4.73702 13.3147
4.72538 13.3242
37.3644 62.5333
20.9075 51.2587
4.69035 13.3524
4.67864 13.3618
4.66691 13.3711
4.65515 13.3804
4.64338 13.3897
4.6316 13.399
4.61979 13.4083
4.60796 13.4175
4.59612 13.4267
4.58426 13.4359
-35.8945  12.3403
-51.7113   1.5015
4.54856 13.4633
4.53662 13.4724
4.52467 13.4814
43.7581 66.9232
23.7615 53.2198
 4.4887 13.5085
4.47668 13.5174
4.46463 13.5264
4.45257 13.5353
4.44049 13.5442
4.4284 13.553
4.41628 13.5619
4.40415 13.5707
  4.392 13.5795
4.37983 13.5883
-32.9479  14.3542
-46.0318   5.3861
4.34322 13.6144
4.33099 13.6231
4.31873 13.6318
4.30646 13.6404
27.1252 55.5321
15.3818 47.4822
4.26954 13.6661
 4.2572 13.6746
4.24484 13.6831
4.23247 13.6916
4.22008 13.7001
4.20767 13.7085
4.19524 13.7169
 4.1828 13.7253
4.17034 13.7336
4.15786  13.742
-41.4425  8.52561
4.13286 13.7585
4.12034 13.7668
4.1078 13.775
4.09524 13.7832
31.1784 58.3169
17.4792 48.9241
4.05746 13.8077
4.04484 13.8158
 4.0322 13.8239
4.01954 13.8319
4.00687   13.84
3.99418  13.848
3.98148 13.8559
3.96876 13.8639
3.95602 13.8718
3.94327 13.8797
-37.6551  11.1175
 -55.643 -1.21921
3.90491 13.9033
3.8921 13.911
3.87927 13.9188
36.1925 61.7631
19.8776 50.5737
3.84069  13.942
3.82779 13.9497
3.81488 13.9573
3.80196 13.9649
3.78902 13.9725
3.77607 13.9801
 3.7631 13.9876
3.75012 13.9951
3.73712 14.0026
 3.7241 14.0101
-34.4727  13.2941
-49.0774   3.2753
3.68498 14.0323
 3.6719 14.0397
3.65882  14.047
42.5942 66.1637
22.6669 52.4928
3.61946 14.0688
3.60632 14.0761
3.59316 14.0833
3.57999 14.0904
 3.5668 14.0976
3.55359 14.1047
3.54038 14.1118
3.52714 14.1189
 3.5139 14.1259
3.50064 14.1329
-31.7608  15.1501
-43.8914  6.82631
3.46078 14.1538
3.44746 14.1607
3.43413 14.1676
3.42079 14.1744
25.9741 54.7681
3.39406 14.1881
3.38068 14.1948
3.36728 14.2016
3.35387 14.2083
3.34045  14.215
3.32701 14.2217
3.31356 14.2283
3.30009 14.2349
3.28662 14.2415
3.27313 14.2481
3.25962 14.2546
-39.6907  9.70368
-60.5398 -4.60705
3.21903 14.2741
3.20548 14.2805
3.19191 14.2869
30.0308 57.5021
16.4795  48.221
3.15113 14.3059
3.13751 14.3122
3.12388 14.3185
3.11024 14.3247
3.09658 14.3309
3.08291 14.3371
3.06923 14.3432
3.05554 14.3494
3.04183 14.3555
3.02811 14.3615
-36.2178  12.1227
-52.7871 0.770624
2.98689 14.3796
2.97312 14.3855
2.95934 14.3915
35.0349 60.9376
18.8218 49.8297
2.91794 14.4091
2.90411 14.4149
2.89028 14.4207
2.87643 14.4265
2.86257 14.4322
 2.8487 14.4379
2.83482 14.4436
2.82092 14.4493
2.80702 14.4549
 2.7931 14.4605
-33.294 14.1211
-46.8138   4.8557
2.75128 14.4771
2.73733 14.4826
2.72335 14.4881
 41.476 65.3603
21.5626 51.7134
2.68137 14.5043
2.66736 14.5097
2.65333  14.515
 2.6393 14.5203
2.62525 14.5255
2.61119 14.5308
2.59712  14.536
2.58305 14.5412
2.56896 14.5463
2.55486 14.5514
2.54075 14.5565
-42.0793  8.09414
 2.5125 14.5666
2.49836 14.5716
2.48422 14.5766
2.47006 14.5816
24.8345 53.9619
2.44171 14.5914
2.42752 14.5963
2.41332 14.6011
2.39911 14.6059
 2.3849 14.6107
2.37067 14.6155
2.35643 14.6202
2.34219 14.6249
2.32793 14.6296
2.31367 14.6342
2.29939 14.6388
-38.2333  10.7256
-57.3748 -2.39913
2.25652 14.6525
2.2422 14.657
2.22789 14.6615
28.8312 56.7086
15.4041 47.5018
2.18488 14.6747
2.17052 14.6791
2.15616 14.6834
2.14178 14.6877
2.12741  14.692
2.11302 14.6962
2.09862 14.7004
2.08421 14.7046
 2.0698 14.7087
2.05538 14.7129
-35.0465  12.9058
-50.3409  2.41587
2.01206 14.7251
 1.9976 14.7291
1.98314 14.7331
33.8498 60.1576
17.7041 49.0845
 1.9397 14.7448
1.92521 14.7487
1.91071 14.7525
 1.8962 14.7563
1.88168 14.7601
1.86716 14.7639
1.85262 14.7676
1.83808 14.7713
1.82354 14.7749
1.80898 14.7786
1.79442 14.7822
-44.9103  6.13532
1.76528 14.7893
1.75069 14.7928
 1.7361 14.7963
40.3662 64.6341
20.4131 50.9481
1.69229 14.8066
1.67767   14.81
1.66305 14.8133
1.64842 14.8166
1.63378 14.8199
1.61914 14.8231
1.60449 14.8264
1.58983 14.8296
1.57517 14.8327
 1.5605 14.8359
1.54582  14.839
-40.5863  9.09519
-63.2177 -6.43718
1.50176 14.8481
1.48706 14.8511
1.47235 14.8541
23.6678 53.1877
1.44292 14.8599
 1.4282 14.8628
1.41347 14.8656
1.39874 14.8684
1.38399 14.8712
1.36925  14.874
 1.3545 14.8767
1.33974 14.8794
1.32498  14.882
1.31021 14.8847
1.29544 14.8873
-37.0652   11.505
 -54.6964 -0.597875
1.25109 14.8949
1.23629 14.8974
 1.2215 14.8999
27.7117 55.9132
1.19189 14.9047
1.17707 14.9071
1.16225 14.9094
1.14743 14.9117
1.13261  14.914
1.11777 14.9162
1.10294 14.9185
 1.0881 14.9206
1.07326 14.9228
1.05841 14.9249
1.04355  14.927
-34.1454   13.541
-48.3335  3.82176
0.99897 14.9332
0.984101  14.9352
0.969228  14.9371
32.7825  59.394
16.6326 48.3299
0.924586  14.9428
0.909698  14.9446
0.894804  14.9464
0.879909  14.9482
0.86501 14.9499
0.850108  14.9517
0.835202  14.9534
0.820293   14.955
0.805381  14.9566
0.790463  14.9582
0.775545  14.9598
-43.3785  7.20988
0.745698  14.9628
0.73077 14.9643
0.715839  14.9658
39.4306 63.9578
 19.333 50.1855
0.671028  14.9699
0.656088  14.9712
0.641142  14.9725
0.626195  14.9738
0.611245   14.975
0.596293  14.9763
0.581339  14.9774
0.56638 14.9786
0.551423  14.9797
0.536462  14.9808
0.521497  14.9818
-39.4229  9.91503
-60.2317 -4.35159
0.476594  14.9848
0.461623  14.9858
0.44665 14.9867
22.5983 52.4278
0.416696  14.9884
0.401718  14.9892
0.38674   14.99
0.371757  14.9908
0.356774  14.9915
0.341789  14.9922
0.326803  14.9929
0.311816  14.9935
0.296826  14.9941
0.281839  14.9947
0.266846  14.9953
-36.194  12.123
-52.5321 0.919979
0.221868  14.9967
0.206873  14.9971
0.191876  14.9975
 26.644 55.2099
0.161885  14.9983
0.146886  14.9986
0.131887  14.9988
0.116889  14.9991
0.10189 14.9993
0.0868902   14.9995
0.0718904   14.9997
0.0568902   14.9998
0.0418881   14.9999
0.0268875        15
0.0118887        15
-0.00311381          15
-46.7272  4.89339
-0.0331151    14.9999
-0.0481156    14.9998
-0.0631159    14.9997
31.8072 58.7582
15.5742 47.6234
-0.108117   14.9992
-0.123116    14.999
-0.138114   14.9987
-0.153112   14.9984
-0.168109   14.9981
-0.183108   14.9978
-0.198102   14.9974
-0.213097    14.997
-0.228093   14.9965
-0.243086   14.9961
-0.258078   14.9956
-42.2004  7.99226
-0.28806  14.9945
-0.303049   14.9939
-0.318037   14.9933
38.6398 63.4537
18.2894  49.491
-0.362992   14.9912
-0.377977   14.9905
-0.392957   14.9897
-0.407937   14.9889
-0.422914   14.9881
-0.437892   14.9872
-0.452866   14.9863
-0.467837   14.9854
-0.482808   14.9844
-0.49778  14.9835
-0.512745   14.9825
-38.5741  10.4749
-57.8196 -2.73069
-0.557632   14.9792
-0.572592   14.9781
-0.587547    14.977
21.5958 51.7655
-0.617452   14.9745
-0.632399   14.9733
-0.647348    14.972
-0.662292   14.9707
-0.677231   14.9694
-0.692169    14.968
-0.707104   14.9666
-0.722038   14.9652
-0.736968   14.9637
-0.751894   14.9622
-0.766818   14.9607
-0.781738   14.9591
-50.8271  2.06031
-0.811572    14.956
-0.826483   14.9543
-0.841389   14.9527
25.7624 54.5775
-0.871197   14.9492
-0.886093   14.9475
-0.900987   14.9457
-0.915877   14.9439
-0.930764    14.942
-0.945648   14.9401
-0.960528   14.9382
-0.975403   14.9363
-0.990274   14.9343
-1.00514  14.9323
-1.02001  14.9303
-1.03487  14.9283
-45.5353  5.73686
-1.06457  14.9241
-1.07942  14.9219
-1.09426  14.9197
31.0725 58.2228
14.6371 46.9627
-1.13876   14.913
-1.15359  14.9108
-1.16841  14.9084
-1.18322  14.9061
-1.19803  14.9037
-1.21284  14.9013
-1.22764  14.8988
-1.24244  14.8964
-1.25723  14.8939
-1.27201  14.8913
-1.28679  14.8888
-41.3792  8.57715
-64.7009 -7.40473
-1.33111  14.8809
-1.34587  14.8783
38.1652 63.0936
17.3981 48.8597
-1.39012    14.87
-1.40485  14.8673
-1.41958  14.8644
-1.43431  14.8616
-1.44903  14.8587
-1.46375  14.8558
-1.47846  14.8528
-1.49316  14.8499
-1.50786  14.8469
-1.52255  14.8438
-1.53724  14.8408
-38.0385  10.8617
-55.9758 -1.43361
-1.58125  14.8314
-1.59591  14.8282
-1.61057   14.825
20.7824 51.1851
-1.63986  14.8185
-1.65449  14.8152
-1.66912  14.8119
-1.68374  14.8086
-1.69836  14.8052
-1.71297  14.8018
-1.72757  14.7983
-1.74216  14.7949
-1.75675  14.7914
-1.77133  14.7878
-1.7859 14.7843
-1.80047  14.7807
-49.5901  2.93667
-1.82958  14.7734
-1.84412  14.7697
-1.85866   14.766
25.0361 54.1078
-1.88771  14.7586
-1.90222  14.7548
-1.91673  14.7509
-1.93123  14.7471
-1.94572  14.7432
-1.9602 14.7393
-1.97468  14.7354
-1.98915  14.7314
-2.00361  14.7274
-2.01806  14.7234
-2.0325 14.7193
-2.04694  14.7153
-44.7191  6.27051
-2.07578   14.707
-2.09019  14.7029
-2.10459  14.6987
30.5466 57.8931
13.7949 46.4041
-2.14775  14.6859
-2.16212  14.6816
-2.17648  14.6773
-2.19083  14.6729
-2.20517  14.6685
-2.21951  14.6641
-2.23383  14.6596
-2.24815  14.6551
-2.26245  14.6506
-2.27675  14.6461
-2.29104  14.6415
-40.8874   8.8941
-62.5896  -5.9951
-2.33385  14.6276
-2.3481  14.623
37.9817 63.0019
16.6323 48.3556
-2.3908 14.6087
-2.40501  14.6039
-2.41922  14.5991
-2.43341  14.5943
-2.4476 14.5894
-2.46177  14.5845
-2.47594  14.5795
-2.49009  14.5746
-2.50423  14.5696
-2.51837  14.5645
-2.53249  14.5595
-37.7932   11.012
 -54.6373 -0.547371
-2.57481  14.5442
-2.58889   14.539
-2.60297  14.5338
20.1321 50.7628
-2.63108  14.5233
-2.64513  14.5181
-2.65916  14.5128
-2.67318  14.5074
-2.68719  14.5021
-2.70119  14.4967
-2.71518  14.4913
-2.72915  14.4858
-2.74312  14.4804
-2.75708  14.4748
-2.77102  14.4693
-2.78496  14.4638
-48.7797  3.51796
-2.81279  14.4526
-2.82669  14.4469
-2.84058  14.4413
24.5972 53.7793
-2.86832  14.4298
-2.88218  14.4241
-2.89602  14.4183
-2.90985  14.4125
-2.92367  14.4067
-2.93748  14.4008
-2.95128  14.3949
-2.96506   14.389
-2.97884  14.3831
-2.9926 14.3771
-3.00635  14.3711
-3.02008  14.3651
-44.2753  6.59871
-3.04752  14.3529
-3.06122  14.3468
-3.07491  14.3407
30.3865 57.7526
13.1483 45.9422
-3.1159 14.3221
-3.12954  14.3159
-3.14317  14.3096
-3.15678  14.3033
-3.17038   14.297
-3.18397  14.2906
-3.19754  14.2842
-3.21111  14.2778
-3.22466  14.2714
-3.2382 14.2649
-3.25172  14.2584
-40.7096  9.03598
-61.1077 -4.94417
-3.29221  14.2388
-3.30569  14.2322
38.2693 63.1637
16.0983 47.9678
-3.34602  14.2122
-3.35944  14.2055
-3.37285  14.1988
-3.38624   14.192
-3.39961  14.1853
-3.41298  14.1784
-3.42633  14.1716
-3.43967  14.1647
-3.45299  14.1578
-3.4663 14.1509
-3.4796  14.144
-3.49288   14.137
 -53.7987 0.0591507
-3.5194  14.123
-3.53264  14.1159
-3.54586  14.1088
19.7599 50.4832
-3.57227  14.0946
-3.58546  14.0875
-3.59862  14.0803
-3.61178  14.0731
-3.62492  14.0658
-3.63804  14.0586
-3.65115  14.0513
-3.66425  14.0439
-3.67733  14.0366
-3.6904 14.0292
-3.70345  14.0218
-3.71649  14.0144
-48.3565  3.78314
-3.74252  13.9995
-3.75551   13.992
-3.76849  13.9845
24.4237 53.6873
-3.7944 13.9694
-3.80733  13.9618
-3.82024  13.9541
-3.83315  13.9465
-3.84603  13.9388
-3.8589 13.9311
-3.87176  13.9234
-3.8846 13.9156
-3.89742  13.9078
-3.91023     13.9
-3.92302  13.8922
-3.9358 13.8843
-44.1533  6.65941
-3.96131  13.8685
-3.97404  13.8606
-3.98675  13.8526
30.5641  57.906
 12.669 45.6325
-4.0248 13.8286
-4.03745  13.8205
-4.05008  13.8124
-4.0627 13.8043
-4.0753 13.7962
-4.08789   13.788
-4.10045  13.7798
-4.11301  13.7716
-4.12554  13.7634
-4.13806  13.7551
-4.15056  13.7468
-40.8113  8.94648
-60.1628 -4.33025
-4.18797  13.7218
-4.20041  13.7134
39.0071 63.7068
15.7709 47.7657
-4.23762  13.6881
-4.24998  13.6796
-4.26233  13.6711
-4.27467  13.6626
-4.28699   13.654
-4.29929  13.6454
-4.31157  13.6368
-4.32383  13.6282
-4.33608  13.6195
-4.34831  13.6108
-4.36053  13.6021
-4.37272  13.5934
-53.3765 0.317646
-4.39707  13.5758
-4.40921   13.567
-4.42133  13.5582
19.6403 50.4272
-4.44553  13.5405
-4.45761  13.5316
-4.46966  13.5226
-4.4817 13.5137
-4.49372  13.5047
-4.50572  13.4957
-4.5177 13.4867
-4.52967  13.4776
-4.54161  13.4686
-4.55354  13.4595
-4.56545  13.4503
-4.57735  13.4412
-48.2965  3.84823
-4.60108  13.4228
-4.61291  13.4136
-4.62473  13.4044
24.6408  53.809
-4.64831  13.3858
-4.66008  13.3765
-4.67182  13.3672
-4.68354  13.3578
-4.69525  13.3485
-4.70694  13.3391
-4.71861  13.3296
-4.73026  13.3202
-4.74189  13.3107
-4.75351  13.3012
-4.7651 13.2917
-4.77667  13.2822
-44.3372  6.55456
-68.5264 -10.0173
-4.81128  13.2534
-4.82278  13.2438
31.2255 58.3278
12.4581  45.468
-4.85716  13.2147
-4.86858   13.205
-4.87998  13.1952
-4.89136  13.1855
-4.90272  13.1757
-4.91406  13.1659
-4.92539   13.156
-4.93669  13.1462
-4.94797  13.1363
-4.95924  13.1264
-4.97048  13.1164
-41.1717   8.7183
-59.7193 -3.99187
-5.00409  13.0865
-5.01525  13.0765
40.3694 64.6031
15.7547 47.7323
-5.04863  13.0463
-5.05971  13.0362
-5.07077  13.0261
-5.08181  13.0159
-5.09284  13.0057
-5.10384  12.9955
-5.11482  12.9853
-5.12578  12.9751
-5.13672  12.9648
-5.14764  12.9545
-5.15854  12.9442
-5.16942  12.9339
-53.3547 0.360836
-5.19111  12.9132
-5.20193  12.9028
-5.21273  12.8924
 19.887 50.5722
-5.23426  12.8715
-5.24499   12.861
-5.2557 12.8505
-5.26639    12.84
-5.27706  12.8294
-5.28771  12.8188
-5.29834  12.8083
-5.30895  12.7976
-5.31953   12.787
-5.3301 12.7764
-5.34064  12.7657
-5.35116   12.755
-48.5426  3.65303
-5.37214  12.7336
-5.38259  12.7228
-5.39303   12.712
25.2162 54.2338
-5.41384  12.6904
-5.42421  12.6796
-5.43456  12.6687
-5.44488  12.6578
-5.45519  12.6469
-5.46547   12.636
-5.47573  12.6251
-5.48597  12.6141
-5.49619  12.6031
-5.50639  12.5921
-5.51656  12.5811
-5.52671  12.5701
-44.7767  6.22999
-67.9391 -9.65637
-5.55703  12.5368
-5.5671 12.5257
32.3362 59.1232
 12.479 45.5034
-5.59715  12.4922
-5.60713   12.481
-5.61708  12.4698
-5.62701  12.4585
-5.63691  12.4472
-5.6468  12.436
-5.65666  12.4247
-5.6665 12.4133
-5.67631   12.402
-5.68611  12.3906
-5.69588  12.3792
-41.7502  8.30223
-59.6835 -4.00207
-5.72505   12.345
-5.73473  12.3335
-5.74439   12.322
16.0119 47.9326
-5.76363   12.299
-5.77322  12.2875
-5.78278  12.2759
-5.79232  12.2643
-5.80184  12.2528
-5.81133  12.2411
-5.82081  12.2295
-5.83025  12.2179
-5.83968  12.2062
-5.84908  12.1945
-5.85846  12.1828
-5.86781  12.1711
-53.6559   0.1264
-5.88645  12.1475
-5.89573  12.1358
-5.905 12.124
20.4625  50.993
-5.92344  12.1003
-5.93263  12.0884
-5.9418 12.0766
-5.95094  12.0647
-5.96006  12.0528
-5.96915  12.0408
-5.97822  12.0289
-5.98727  12.0169
-5.99629  12.0049
-6.00529  11.9929
-6.01426  11.9809
-6.02322  11.9689
-49.0694  3.31722
-6.04104  11.9447
-6.04992  11.9327
-6.05878  11.9205
26.2746 54.9263
9.73531 43.5989
-6.08519  11.8841
-6.09395  11.8719
-6.10268  11.8597
-6.11139  11.8475
-6.12007  11.8353
-6.12873   11.823
-6.13736  11.8108
-6.14597  11.7985
-6.15456  11.7862
-6.16312  11.7739
-6.17166  11.7615
-45.4477  5.79204
-67.8533 -9.56083
-6.19711  11.7244
-6.20555   11.712
34.0531 60.2637
12.8258 45.7213
-6.23071  11.6747
-6.23905  11.6622
-6.24736  11.6498
-6.25565  11.6372
-6.26391  11.6247
-6.27215  11.6122
-6.28036  11.5996
-6.28855  11.5871
-6.29671  11.5745
-6.30485  11.5619
-6.31296  11.5493
-42.5144  7.79676
-60.0248 -4.20498
-6.33714  11.5113
-6.34515  11.4986
-6.35314  11.4859
16.6422 48.3409
-6.36903  11.4605
-6.37694  11.4477
-6.38483   11.435
-6.39268  11.4222
-6.40052  11.4094
-6.40832  11.3966
-6.4161 11.3838
-6.42386  11.3709
-6.43159  11.3581
-6.43929  11.3452
-6.44697  11.3323
-6.45462  11.3194
-54.2545 -0.25548
-6.46985  11.2936
-6.47742  11.2806
-6.48497  11.2676
21.4729 51.6588
-6.49999  11.2417
-6.50746  11.2287
-6.51491  11.2156
-6.52232  11.2026
-6.52972  11.1895
-6.53708  11.1765
-6.54443  11.1634
-6.55174  11.1503
-6.55903  11.1372
-6.56629  11.1241
-6.57352  11.1109
-6.58073  11.0978
-49.815 2.78165
-6.59507  11.0714
-6.6022 11.0582
-6.60931   11.045
27.7737 55.9865
10.1084 43.8731
-6.63046  11.0053
-6.63746   10.992
-6.64443  10.9787
-6.65137  10.9654
-6.65829  10.9521
-6.66518  10.9388
-6.67205  10.9255
-6.67888  10.9121
-6.6857 10.8987
-6.69248  10.8854
-6.69924   10.872
-46.2912   5.1921
-68.1425 -9.79696
-6.71935  10.8317
 -6.726 10.8183
36.3253 61.8613
13.4536 46.1719
-6.74579  10.7779
-6.75233  10.7644
-6.75885  10.7508
-6.76534  10.7373
-6.7718 10.7238
-6.77823  10.7102
-6.78464  10.6967
-6.79102  10.6831
-6.79737  10.6695
-6.8037 10.6559
  -6.81 10.6423
-43.4207  7.15606
-60.6509 -4.66438
-6.82873  10.6014
-6.83492  10.5877
-6.84108   10.574
17.6017 49.0236
-6.85332  10.5466
-6.8594 10.5329
-6.86546  10.5192
-6.87148  10.5055
-6.87748  10.4917
-6.88345  10.4779
-6.88939  10.4642
-6.89531  10.4504
-6.90119  10.4366
-6.90705  10.4228
-6.91288   10.409
-6.91869  10.3951
-55.0647 -0.83882
-6.93021  10.3674
-6.93594  10.3536
-6.94163  10.3397
22.8732 52.6479
7.78322 42.2923
-6.95854   10.298
-6.96413  10.2841
-6.96968  10.2701
-6.97521  10.2562
-6.98071  10.2422
-6.98618  10.2282
-6.99162  10.2143
-6.99703  10.2003
-7.00242  10.1863
-7.00778  10.1723
-7.01311  10.1582
-50.7427  2.16911
-7.02369  10.1302
-7.02893  10.1161
-7.03415  10.1021
29.8349 57.3668
10.8074 44.3316
-7.04964  10.0598
-7.05475  10.0457
-7.05982  10.0316
-7.06487  10.0175
-7.06989  10.0033
-7.07489  9.98917
-7.07985  9.97502
-7.08479  9.96085
-7.0897 9.94667
-7.09457  9.93249
-7.09943  9.91829
-47.2781  4.53674
-68.7735 -10.1905
-7.11381  9.87565
-7.11855  9.86142
-7.12325  9.84718
14.4513 46.8334
-7.13259  9.81866
-7.13721  9.80439
-7.14181  9.79011
-7.14637  9.77583
-7.15091  9.76153
-7.15542  9.74722
-7.1599  9.7329
-7.16435  9.71858
-7.16877  9.70424
-7.17317   9.6899
-7.17753  9.67555
-44.4366  6.47818
-61.5171 -5.22748
-7.19046  9.63244
-7.19471  9.61806
-7.19893  9.60366
18.9821 49.9453
-7.20729  9.57485
-7.21142  9.56043
-7.21553    9.546
-7.21961  9.53156
-7.22366  9.51712
-7.22768  9.50267
-7.23167  9.48821
-7.23563  9.47374
-7.23956  9.45926
-7.24347  9.44478
-7.24734  9.43029
-7.25119  9.41579
-56.0577 -1.49296
-7.2588 9.38676
-7.26255  9.37224
-7.26628  9.35771
24.7649 53.9167
8.52283 42.7806
-7.2773 9.31408
-7.28091  9.29952
-7.2845 9.28496
-7.28806  9.27038
-7.29158   9.2558
-7.29508  9.24121
-7.29855  9.22662
-7.30199  9.21202
-7.3054 9.19741
-7.30878   9.1828
-7.31213  9.16817
-51.7909  1.42586
-7.31874  9.13891
 -7.322 9.12427
-7.32524  9.10962
32.3961 59.1578
11.7803 45.0207
-7.33477  9.06564
-7.33788  9.05096
-7.34097  9.03628
-7.34403  9.02159
-7.34706  9.00691
-7.35006  8.99221
-7.35303   8.9775
-7.35597   8.9628
-7.35888  8.94807
-7.36176  8.93335
-7.36461  8.91863
-48.354 3.77707
-69.6142 -10.8068
-7.37299  8.87441
-7.37572  8.85966
-7.37843  8.84491
15.7578 47.7547
-7.38375  8.81538
-7.38637  8.80061
-7.38895  8.78583
-7.39151  8.77105
-7.39404  8.75627
-7.39653  8.74148
 -7.399 8.72668
-7.40144  8.71188
-7.40385  8.69707
-7.40623  8.68226
-7.40858  8.66744
-45.5179  5.71736
-62.5348 -5.95889
-7.41545  8.62297
-7.41768  8.60814
-7.41989   8.5933
20.7189 51.1658
6.55219 41.4442
-7.42631  8.54876
-7.42839   8.5339
-7.43045  8.51904
-7.43247  8.50418
-7.43446  8.48931
-7.43643  8.47444
-7.43836  8.45956
-7.44027  8.44468
-7.44214   8.4298
-7.44399  8.41491
-43.1244  7.35471
-57.157 -2.2767
-7.44934  8.37023
-7.45107  8.35533
-7.45276  8.34042
27.0755  55.534
 9.5121 43.4805
-7.45767  8.29569
-7.45925  8.28077
-7.4608 8.26585
-7.46231  8.25092
-7.4638   8.236
-7.46526  8.22107
-7.46668  8.20613
-7.46808   8.1912
-7.46945  8.17626
-7.47079  8.16132
-7.47209  8.14638
-52.9299 0.670637
-7.47462  8.11648
-7.47584  8.10153
-7.47703  8.08657
35.5718 61.2952
13.1057  45.906
-7.48041   8.0417
-7.48148  8.02674
-7.48252  8.01178
-7.48353  7.99681
-7.48451  7.98184
-7.48545  7.96687
-7.48637  7.95189
-7.48726  7.93692
-7.48812  7.92194
-7.48895  7.90696
-7.48975  7.89198
-49.4884  3.02224
-70.6367 -11.4692
-7.49197  7.84704
-7.49265  7.83205
-7.49329  7.81706
17.4586 48.8946
-7.4945 7.78709
-7.49506   7.7721
-7.49559  7.75711
-7.49609  7.74211
-7.49656  7.72712
 -7.497 7.71212
-7.49741  7.69713
-7.49779  7.68213
-7.49814  7.66713
-7.49846  7.65214
-7.49875  7.63714
-46.6272  4.97736
-63.6712 -6.70678
-7.49943  7.59214
-7.4996 7.57714
-7.49974  7.56214
22.9018 52.6321
 7.5954 42.1414
-7.49998  7.51714
   -7.5 7.50214
-7.49999  7.48714
-7.49995  7.47214
-7.49988  7.45713
-7.49978  7.44214
-7.49965  7.42714
-7.49949  7.41214
-7.49929  7.39714
-7.49907  7.38214
-44.199  6.6369
-58.3343 -3.05433
-7.49823  7.33714
-7.49789  7.32215
-7.49752  7.30715
29.9137 57.4479
10.8242 44.3604
-7.49623  7.26217
-7.49574  7.24717
-7.49522  7.23218
-7.49467  7.21719
-7.49409   7.2022
-7.49347  7.18721
-7.49283  7.17222
-7.49216  7.15724
-7.49146  7.14225
-7.49073  7.12727
-7.48997  7.11229
 -54.0914 -0.152595
-7.48836  7.08233
-7.48751  7.06735
-7.48663  7.05238
-7.48572  7.03741
14.7088 47.0302
-7.48381  7.00746
-7.48281   6.9925
-7.48178  6.97753
-7.48072  6.96257
-7.47963  6.94761
-7.47851  6.93265
-7.47736  6.91769
-7.47618  6.90274
-7.47497  6.88779
-7.47373  6.87283
-7.47246  6.85789
-50.6242  2.21932
-71.7359  -12.261
-7.46848  6.81306
-7.46708  6.79812
-7.46567  6.78319
19.4699 50.3008
 5.8989 40.9921
-7.46123  6.73841
-7.45969  6.72349
-7.45812  6.70856
-7.45653  6.69365
-7.4549 6.67874
-7.45324  6.66383
-7.45156  6.64893
-7.44984  6.63402
-7.44809  6.61912
-7.44631  6.60423
-47.7226  4.20442
-64.8431  -7.5415
-7.4408 6.55956
-7.43891  6.54468
-7.43698  6.52981
 25.449 54.4106
8.86726 43.0336
-7.43103   6.4852
-7.42898  6.47034
-7.42691  6.45548
-7.42481  6.44063
-7.42267  6.42578
-7.42051  6.41094
-7.41831   6.3961
-7.41609  6.38126
-7.41384  6.36643
-7.41156  6.35161
-45.2446  5.89985
-59.5102 -3.88994
-7.40453  6.30716
-7.40213  6.29235
-7.3997 6.27755
33.1846 59.7281
12.3845 45.4515
-7.39224  6.23317
-7.38969  6.21838
-7.38711  6.20361
-7.3845 6.18883
-7.38186  6.17406
-7.3792  6.1593
-7.3765 6.14455
-7.37377   6.1298
-7.37102  6.11505
-7.36823  6.10031
-43.0906   7.4096
 -55.2484 -0.919127
-7.3597 6.05612
-7.3568  6.0414
-7.35387  6.02669
-7.35091  6.01199
 16.664 48.3441
4.44314 39.9724
-7.34184   5.9679
-7.33877  5.95322
-7.33566  5.93855
-7.33252  5.92388
-7.32935  5.90922
-7.32616  5.89456
-7.32293  5.87991
-7.31968  5.86527
-7.31639  5.85063
-7.31308    5.836
-51.733 1.48157
-72.8721 -13.0027
-7.30296  5.79215
-7.29953  5.77755
-7.29607  5.76295
21.877 51.923
7.20332 41.8683
-7.28552   5.7192
-7.28194  5.70464
-7.27833  5.69007
-7.2747 5.67552
-7.27104  5.66097
-7.26734  5.64643
-7.26362   5.6319
-7.25987  5.61738
-7.25609  5.60286
-7.25228  5.58835
-48.7725  3.50473
-66.0131 -8.31136
-7.24068  5.54487
-7.23676  5.53039
-7.2328 5.51592
28.4448 56.4326
10.4311 44.0843
-7.22077  5.47256
-7.2167 5.45812
-7.2126 5.44369
-7.20847  5.42927
-7.20432  5.41485
-7.20013  5.40045
-7.19592  5.38605
-7.19167  5.37166
-7.1874 5.35728
-7.1831 5.34291
-46.2312  5.24289
-60.6602 -4.65007
-7.17003  5.29985
-7.16561  5.28551
-7.16117  5.27118
-7.1567 5.25687
14.2612 46.7159
3.12527 39.0815
-7.14311  5.21396
-7.13852  5.19968
-7.13391  5.18541
-7.12927  5.17114
-7.12459  5.15689
-7.11989  5.14264
-7.11516  5.12841
-7.11041  5.11418
-7.10562  5.09996
-44.0079  6.76255
-56.3435 -1.69734
-7.09109  5.05737
-7.08619  5.04319
-7.08126  5.02902
-7.07631  5.01487
18.8834 49.8921
5.71277 40.8592
-7.06127  4.97245
-7.0562 4.95833
-7.0511 4.94422
-7.04597  4.93012
-7.04082  4.91604
-7.03564  4.90196
-7.03043  4.88789
-7.02519  4.87384
-7.01992  4.85979
-42.0343  8.11154
-52.7677 0.748179
-73.9527 -13.7828
-6.99857  4.80371
-6.99317  4.78972
-6.98773  4.77574
24.5783 53.8065
8.70248 42.9164
-6.97126  4.73386
-6.96571  4.71992
-6.96014    4.706
-6.95454  4.69208
-6.94891  4.67817
-6.94325  4.66428
-6.93756   4.6504
-6.93185  4.63653
-6.92611  4.62267
-6.92034  4.60882
-49.7406  2.82053
-67.1065 -9.09553
-6.90287  4.56735
-6.89699  4.55355
-6.89108  4.53976
31.7812 58.7572
12.2031 45.3238
-6.8732 4.49847
-6.86718  4.48473
-6.86113    4.471
-6.85506  4.45728
-6.84896  4.44358
-6.84283  4.42988
-6.83668   4.4162
-6.8305 4.40254
-6.82429  4.38888
-6.81805  4.37524
-47.1238  4.61091
-61.7193 -5.40875
-6.79918  4.33438
-6.79284  4.32079
-6.78646  4.30721
-6.78007  4.29365
16.3606 48.1835
4.39304 39.9685
-6.7607 4.25302
-6.7542  4.2395
-6.74766    4.226
-6.7411 4.21251
-6.73451  4.19903
-6.72789  4.18557
-6.72125  4.17212
-6.71458  4.15868
-6.70788  4.14526
-44.8228  6.22133
 -57.354 -2.36232
-6.68764  4.10507
-6.68083   4.0917
 -6.674 4.07835
-6.66714  4.06501
 21.435 51.6129
7.22682 41.8784
-6.64641  4.02506
-6.63945  4.01177
-6.63246   3.9985
-6.62544  3.98524
-6.6184   3.972
-6.61133  3.95877
-6.60423  3.94555
-6.59711  3.93235
-6.58996  3.91916
-42.7707  7.62285
-53.7045 0.131456
-6.56836  3.87968
-6.5611 3.86655
-6.55382  3.85344
-6.54651  3.84034
27.6505 55.8799
10.4611 44.0997
-6.52444  3.80112
-6.51703  3.78808
-6.50959  3.77505
-6.50213  3.76204
-6.49464  3.74904
-6.48712  3.73606
-6.47958  3.72309
-6.47201  3.71014
-6.46442   3.6972
-6.4568 3.68428
-50.5954  2.25572
-68.1034 -9.74555
-6.43379  3.64561
-6.42607  3.63275
-6.41832   3.6199
-6.41055  3.60707
14.2481 46.7016
3.25135 39.1643
-6.38707  3.56868
-6.3792 3.55591
-6.37129  3.54316
-6.36337  3.53042
-6.35541   3.5177
-6.34744    3.505
-6.33943  3.49231
-6.3314 3.47964
-6.32335  3.46698
-47.8962  4.10053
-62.6708 -6.02786
-6.29904  3.42911
-6.29088  3.41652
-6.2827 3.40395
-6.2745 3.39139
18.7505 49.7966
5.88548 40.9747
-6.24973  3.35382
-6.24143  3.34132
-6.2331 3.32885
-6.22474  3.31639
-6.21636  3.30395
-6.20796  3.29152
-6.19953  3.27912
-6.19107  3.26672
-6.18259  3.25435
-45.5142  5.72898
-58.2257 -2.98747
-6.15701  3.21733
-6.14843  3.20502
-6.13982  3.19273
-6.1312 3.18046
24.2045 53.5425
8.89677 43.0448
-6.10517  3.14375
-6.09644  3.13155
-6.08769  3.11936
-6.07892   3.1072
-6.07012  3.09504
-6.0613 3.08291
-6.05245   3.0708
-6.04358   3.0587
-6.03469  3.04662
-43.3806   7.1878
 -54.4991 -0.438374
-6.00786  3.01049
-5.99886  2.99848
-5.98985   2.9865
-5.98081  2.97453
30.9663 58.1894
12.3786 45.4388
2.19394 38.4513
-5.94441  2.92682
-5.93525  2.91494
-5.92607  2.90308
-5.91686  2.89123
-5.90763  2.87941
-5.89838   2.8676
-5.8891 2.85581
-5.8798 2.84405
-41.4454  8.51219
-51.3081  1.74331
-68.9399 -10.3541
-5.84236  2.79715
-5.83295  2.78548
-5.8235 2.77382
-5.81404  2.76218
16.4587 48.2451
4.68906 40.1678
-5.78551  2.72738
-5.77595  2.71582
-5.76637  2.70427
-5.75677  2.69275
-5.74714  2.68125
-5.73749  2.66976
-5.72782   2.6583
-5.71812  2.64685
-5.7084 2.63542
-48.5251  3.64716
-63.4515 -6.59692
-5.67911  2.60126
-5.6693 2.58991
-5.65947  2.57858
-5.64962  2.56727
21.3165 51.5844
7.51272 42.1105
-5.61992  2.53346
-5.60997  2.52223
   -5.6 2.51102
-5.59001  2.49983
  -5.58 2.48865
-5.56997   2.4775
-5.55991  2.46637
-5.54983  2.45526
-5.53973  2.44417
-46.0574  5.37603
-58.9425 -3.45152
-5.50929  2.41102
-5.4991 2.40002
-5.48889  2.38903
-5.47866  2.37806
27.2701 55.6097
10.7814 44.3158
1.27078 37.7992
-5.43751  2.33439
-5.42716  2.32353
-5.4168 2.31268
-5.40641  2.30185
 -5.396 2.29105
-5.38558  2.28027
-5.37512  2.26951
-5.36465  2.25877
-43.8384   6.8917
 -55.1342 -0.849102
-5.33311  2.22667
-5.32255  2.21602
-5.31197  2.20538
-5.30137  2.19477
-5.29075  2.18417
14.5169   46.88
3.64899 39.4328
-5.25875  2.15252
-5.24805  2.14202
-5.23732  2.13153
-5.22657  2.12107
-5.21581  2.11062
-5.20502   2.1002
-5.1942  2.0898
-5.18337  2.07943
-41.8181  8.27197
-51.8575  1.39026
-69.5971   -10.77
-5.13984  2.03813
-5.12891  2.02786
-5.11795  2.01761
-5.10698  2.00739
18.8996 49.8905
6.31468 41.2646
-5.07393  1.97684
-5.06287  1.96671
-5.05179  1.95659
-5.04069  1.94649
-5.02958  1.93642
-5.01844  1.92638
-5.00728  1.91635
-4.9961 1.90635
-39.9576  9.54317
-48.9897  3.35139
-64.0534 -6.97828
-4.95119  1.86655
-4.93991  1.85666
-4.92862  1.84679
-4.9173 1.83695
24.1272 53.4826
 9.3296 43.3371
0.397554   37.212
-4.87183  1.79779
-4.86042  1.78805
-4.84899  1.77834
-4.83753  1.76866
-4.82606  1.75899
-4.81457  1.74935
-4.80306  1.73973
-4.79152  1.73014
-46.4371  5.09528
-59.4661 -3.84102
-4.75681  1.70149
-4.74521  1.69199
-4.73358  1.68251
-4.72194  1.67305
30.4916 57.8557
12.7759 45.7047
2.67231 38.7759
-4.67517  1.63546
-4.66343  1.62612
-4.65167  1.61681
-4.6399 1.60752
-4.6281 1.59825
-4.61629    1.589
-4.60445  1.57978
-4.59261  1.57058
-44.1351   6.6695
-55.5803 -1.18265
-4.55694  1.54313
-4.54502  1.53403
-4.53308  1.52495
-4.52112   1.5159
-4.50914  1.50687
16.7655 48.4476
5.19812 40.5127
-4.4731 1.47992
-4.46105  1.47098
-4.44898  1.46207
-4.43689  1.45319
-4.42479  1.44432
-4.41267  1.43549
-4.40053  1.42667
-4.38838  1.41788
-42.0345  8.10725
-52.2225   1.1148
-70.0241 -11.0995
-4.33958  1.38297
-4.32733   1.3743
-4.31507  1.36566
-4.30279  1.35704
21.4511 51.6695
8.02932 42.4601
-0.404593   36.6721
-4.25351  1.32281
-4.24115  1.31432
-4.22877  1.30585
-4.21637   1.2974
-4.20396  1.28898
-4.19152  1.28058
-4.17908  1.27221
-40.0942  9.43467
-49.2744  3.13489
-64.4407 -7.27266
-4.12912  1.23898
-4.11659  1.23073
-4.10404  1.22251
-4.09147  1.21431
27.0456  55.515
11.2314 44.6631
1.77917 38.1746
-4.04106  1.18178
-4.02841  1.17371
-4.01575  1.16567
-4.00307  1.15765
-3.99038  1.14965
-3.97767  1.14169
-3.96494  1.13374
-38.2759  10.7059
-46.636  4.9792
-59.7928 -4.03308
-3.91388  1.10223
-3.90108  1.09441
-3.88826  1.08662
-3.87542  1.07886
-3.86257  1.07112
14.9405 47.1636
4.22298 39.8228
-3.82393  1.04806
-3.81101  1.04042
-3.79809  1.03281
-3.78515  1.02523
-3.77219  1.01767
-3.75921  1.01014
-3.74623  1.00263
-3.73322 0.995153
-44.2518  6.60793
-55.8306 -1.32551
-3.69412 0.972869
-3.68106 0.965494
-3.66799 0.958144
-3.65489 0.950821
-3.64179 0.943523
19.1798  50.075
 6.8966 41.6594
-1.11008  36.1718
-3.58922 0.914598
-3.57604 0.907432
-3.56285 0.900293
-3.54964  0.89318
-3.53642 0.886094
-3.52318 0.879033
-3.50993 0.871999
 -42.07 8.09877
-52.3934  1.02367
-70.2311 -11.2013
-3.45679 0.844132
-3.44347 0.837229
-3.43014 0.830356
-3.41679  0.82351
 24.171 53.5033
9.89077 43.7168
0.994486  37.6178
-3.36327 0.796386
-3.34985 0.789674
-3.33642 0.782986
-3.32298 0.776327
-3.30953 0.769694
-3.29606 0.763087
-3.28258 0.756509
-40.0523  9.47799
-49.3617  3.09606
-64.5959 -7.34739
-3.22852 0.730463
-3.21498 0.724019
-3.20142 0.717603
-3.18785 0.711212
30.1494 57.6103
13.2773 46.0444
3.29563 39.1994
-3.13343 0.685926
 -3.1198 0.679673
-3.10615 0.673445
-3.09249 0.667246
-3.07882 0.661076
-3.06513 0.654931
-3.05143 0.648814
-38.168 10.7663
-46.6486  4.95105
-59.8839 -4.12455
-2.99652  0.62462
-2.98277 0.618641
  -2.969 0.612689
-2.95521 0.606763
-2.94142 0.600867
17.1498 48.7032
5.82925 40.9412
-1.79774    35.71
-2.88613 0.577556
-2.87228 0.571796
-2.85842 0.566066
-2.84454 0.560362
-2.83066 0.554686
-2.81676 0.549039
-36.3935  11.9798
-44.1893  6.63246
-55.8571  -1.3705
-2.76106 0.526725
-2.74711 0.521217
-2.73314 0.515737
-2.71917 0.510284
-2.70518  0.50486
21.6411 51.7914
8.64039 42.8748
0.234399  37.1073
-2.64913  0.48344
-2.63509 0.478156
-2.62104   0.4729
-2.60698 0.467671
-2.59291 0.462471
-2.57883   0.4573
-2.56474 0.452156
-41.9344  8.17488
-52.3513  1.02804
-70.1589 -11.1892
-2.50827 0.431863
-2.49413 0.426859
-2.47998 0.421884
-2.46582 0.416939
26.9326 55.4298
11.7873 45.0366
2.44006 38.6243
-2.40907 0.397437
-2.39486 0.392633
-2.38064 0.387858
-2.36641 0.383111
-2.35217 0.378392
-2.33792 0.373701
-2.32366 0.369039
-39.8458  9.60403
-49.2499  3.15031
-64.4968 -7.31299
-2.26654 0.350677
-2.25223 0.346158
-2.23792 0.341668
 -2.2236 0.337207
33.2864 59.7992
15.3483 47.4863
4.84946  40.282
-2.16622 0.319646
-2.15186 0.315328
-2.13748 0.311038
 -2.1231 0.306776
-2.10871 0.302545
 -2.0943 0.298341
 -2.0799 0.294167
-37.8847   10.976
-46.4628  5.09804
-59.7445 -3.99994
-2.02218 0.277758
-2.00773 0.273727
-1.99328 0.269727
-1.97881 0.265754
-1.96433  0.26181
19.4737 50.2702
7.54139 42.0972
-0.438221   36.6295
-1.90636 0.246327
-1.89185 0.242528
-1.87733 0.238759
-1.86281 0.235019
-1.84827 0.231307
-1.83373 0.227625
-36.0426  12.2346
-43.9338  6.82589
 -55.661 -1.20934
-1.77549 0.213187
-1.76091  0.20965
-1.74633 0.206143
-1.73173 0.202665
-1.71713 0.199216
24.2096 53.5227
10.4829 44.1159
1.68245 38.0865
-1.65867 0.185712
-1.64404 0.182409
 -1.6294 0.179135
-1.61475 0.175891
 -1.6001 0.172676
-1.58544  0.16949
-34.2932  13.4301
-41.6115  8.41268
-52.0945   1.2279
 -69.829 -10.9268
-1.51205 0.154001
-1.49736 0.150992
-1.48266 0.148012
-1.46795 0.145061
29.7988 57.3625
13.7776 46.3795
3.98223 39.6667
-1.40906 0.133552
-1.39432 0.130748
-1.37958 0.127974
-1.36483  0.12523
-1.35008 0.122515
-1.33532  0.11983
-1.32055 0.117173
-39.4598  9.88559
-48.9308  3.39064
-64.1511  -7.0436
-1.26145 0.106845
-1.24666 0.104336
-1.23186 0.101857
 -1.21706 0.0994085
 -1.20226 0.0969887
17.5062  48.942
6.49243 41.3921
-1.10313  36.1834
 -1.14299 0.0876072
 -1.12817 0.0853363
 -1.11333 0.0830944
  -1.0985 0.0808825
 -1.08366 0.0787005
 -1.06881 0.0765476
-37.4444  11.2636
-46.0866  5.33553
-59.3607   -3.767
 -1.00939 0.0682345
-0.994517   0.06623
-0.979649 0.0642559
-0.964776 0.0623117
-0.949893 0.0603962
21.7786 51.8786
9.25232 43.2872
0.939487  37.5874
-0.890347 0.0530353
-0.875449 0.0512695
-0.860547 0.0495332
-0.845646 0.0478269
-0.830737 0.0461501
-0.815829 0.0445037
-35.5437  12.5637
-43.5014  7.10591
-55.2364 -0.94556
-0.756157 0.0382157
-0.741229 0.0367181
-0.726299   0.03525
-0.711369 0.0338128
-0.696433 0.0324047
26.7457 55.2934
12.3137 45.3922
3.13861 39.0995
-0.636667  0.027072
-0.621718 0.0258131
-0.606769 0.0245847
-0.591818 0.0233862
-0.576858 0.0222172
-0.561902 0.0210786
-33.7382  13.7991
-41.1215  8.73388
-51.6237  1.52627
 -69.215 -10.5436
-0.487081 0.0158331
-0.472113 0.0148742
-0.457139 0.0139448
-0.442167 0.0130454
32.6206 59.3336
15.7416 47.7503
5.52018 40.7359
-1.73082  35.7615
 -0.367271 0.00899792
 -0.352286 0.00827819
 -0.337303 0.00758886
 -0.322315 0.00692904
  -0.30733 0.00629961
-32.012 14.9805
-38.9126  10.2451
-48.4117  3.72388
-63.5425 -6.66009
 -0.232373 0.00360087
 -0.217381 0.00315115
 -0.202381 0.00273094
 -0.187387 0.00234112
 -0.172392 0.00198171
19.6729 50.4015
8.16015 42.5154
0.276046  37.1166
  -0.112397 0.000842214
 -0.0973995 0.000632554
 -0.0823981 0.000452846
 -0.0673999 0.000302643
 -0.0523979 0.000182837
 -0.0373957 9.34303e-05
-36.8332  11.6965
-45.5161  5.74908
-58.7409 -3.31277
  0.0226069 3.39746e-05
  0.0376057 9.43244e-05
  0.0526079 0.000184625
  0.0676064 0.000304878
  0.0826081 0.000455081
 24.129 53.4614
11.0186 44.4786
2.38479 38.5648
  0.142604 0.00135586
    0.1576 0.00165582
  0.172602 0.00198618
  0.187597 0.00234649
  0.202591 0.00273675
  0.217587 0.00315696
-34.8812  13.0305
-42.8779  7.55164
 -54.5879 -0.474493
  0.277557 0.00513777
  0.292549 0.00570774
  0.307536 0.00630766
  0.322525 0.00693798
  0.337513 0.00759825
29.3185 57.0255
14.1887 46.6563
4.65265 40.1208
-2.29213  35.3628
0.412421 0.011348
  0.4274 0.012188
 0.442373 0.0130574
 0.457349 0.0139573
 0.472322 0.0148872
-33.0271  14.2981
-40.4497  9.21119
-50.9449  2.01873
-68.3403 -9.90681
 0.547154 0.0199851
 0.562112 0.0210942
 0.577067 0.0222333
 0.592024 0.0234027
 0.606975 0.0246017
17.7401 49.0964
7.10768 41.8077
-0.386855   36.6717
0.666765 0.029697
 0.681703 0.0310457
 0.696642 0.0324239
 0.711578 0.0338325
 0.726508 0.0352706
-31.255 15.5098
-38.1943  10.7527
-47.695 4.23995
-62.6885 -6.04198
 0.801123 0.0429091
 0.816034 0.0445265
 0.830946 0.0461738
 0.845855 0.0478506
 0.860756 0.0495569
21.7642 51.8625
9.78384 43.6474
1.63705 38.0611
 0.920334 0.0566818
 0.935222 0.0585379
 0.950105 0.0604235
 0.964981 0.0623381
 0.979857 0.0642836
 0.994725 0.0662577
-36.0823  12.1971
-44.7631  6.24474
-57.8835 -2.75526
  1.05417 0.0744545
  1.06901 0.0765771
  1.08386 0.0787309
  1.09871 0.0809138
  1.11354 0.0831252
26.3868   55.04
12.7257 45.6698
3.79939 39.5474
-2.86228  34.9796
  1.18766 0.0946319
  1.20247 0.0970227
 1.21727 0.099442
 1.23207 0.101892
 1.24687 0.104371
-34.09  13.56
-42.0887   8.0739
 -53.7261 0.0923672
 1.30599 0.114583
1.32076 0.11721
 1.33553 0.119867
 1.35029 0.122553
 1.36504 0.125268
31.7807 58.7483
15.9888 47.9137
6.12312 41.1452
-1.02134  36.2464
 1.43872 0.139287
1.45344 0.14218
 1.46816 0.145103
 1.48286 0.148053
 1.49757 0.151034
-32.1981  14.8547
-39.6253  9.75923
-50.0614  2.59963
-67.1923 -9.16165
 1.57098 0.166377
 1.58564 0.169534
 1.6003 0.17272
 1.61496 0.175936
  1.6296 0.179181
19.6463 50.4294
8.63695 42.8741
0.924717  37.5833
 1.68812 0.192453
 1.70273 0.195843
 1.71734 0.199264
 1.73194 0.202713
 1.74653 0.206192
-30.3907   16.092
-37.3362  11.3258
-46.791 4.83482
-61.5854 -5.32255
 1.81938 0.224023
 1.83394 0.227677
 1.84847 0.231358
 1.86301 0.235071
1.87753 0.23881
23.8472 53.2623
11.4198 44.7499
3.03014 39.0027
 1.93557 0.254065
1.95005 0.25795
 1.96454 0.261865
1.97901 0.26581
 1.99348 0.269782
-28.6381  17.3107
-35.1803  12.8292
-43.8298   6.9044
-56.8108 -1.98707
 2.06568 0.290079
  2.0801 0.294226
2.09451  0.2984
 2.10891 0.302604
  2.1233 0.306837
28.6227 56.5423
 14.433 46.8195
5.23529 40.5174
-1.59079  35.8405
 2.19513 0.328431
 2.20946 0.332834
  2.2238 0.337269
2.23812 0.34173
 2.25243 0.346221
-33.1571  14.2121
-41.1307  8.74883
-52.6531 0.854285
2.30959 0.36447
 2.32386 0.369104
 2.33812 0.373767
 2.35237 0.378457
 2.36661 0.383177
34.2079 60.3782
17.7764 49.1164
7.60375 42.1444
0.283618  37.1275
2.43766  0.4072
 2.45184 0.412089
 2.46601 0.417008
 2.48018 0.421955
 2.49433 0.426929
-31.2369  15.5251
-38.643 10.4492
-48.9859  3.36095
-65.8123 -8.17506
 2.56493 0.452226
 2.57903 0.457372
 2.59311 0.462542
 2.60718 0.467744
 2.62124 0.472974
21.5266 51.6933
10.1648 43.9042
2.26034 38.4855
 2.67737 0.494169
 2.69138 0.499538
 2.70538 0.504935
2.71936 0.51036
 2.73334 0.515812
-29.4036   16.779
-36.331   12.03
-45.7079  5.60205
-60.2664  -4.3819
 2.80305 0.543497
 2.81696 0.549118
 2.83085 0.554766
 2.84474 0.560442
 2.85861 0.566146
25.7861 54.6207
12.9556 45.8225
4.35367 39.9258
-2.17829  35.4462
2.92781 0.59508
 2.94161 0.600948
 2.95541 0.606846
 2.96919 0.612773
-27.6442   17.983
-34.166 13.5108
-42.7434   7.6292
-55.5213 -1.13599
 3.03792 0.642809
 3.05162 0.648898
 3.06532 0.655016
  3.079 0.66116
 3.09268 0.667333
30.6941 57.9952
16.0229 47.9318
6.58797 41.4622
-0.372684   36.6873
 3.16085 0.698603
 3.17445 0.704939
 3.18804 0.711302
 3.20161 0.717692
 3.21516 0.724107
-32.1249   14.907
-40.0357   9.4787
-51.3903  1.68978
 3.26928 0.750049
 3.28276 0.756599
 3.29625 0.763179
 3.30972 0.769788
 3.32317 0.776419
36.4482 61.9512
19.4285 50.2738
8.98639 43.1116
1.52036 37.9886
 3.39024 0.809989
 3.40362 0.816784
 3.41698 0.823604
 3.43033 0.830452
 3.44366 0.837327
-30.1886  16.2323
-37.5389  11.1873
 -47.74 4.18768
-64.1848 -7.09569
 3.51012 0.872099
 3.52337 0.879132
  3.5366 0.886193
 3.54982 0.893277
 3.56303 0.900393
 23.249 52.9051
 11.579 44.8952
3.51457 39.3601
 3.61571 0.929108
 3.62885 0.936353
 3.64197 0.943627
 3.65508 0.950922
 3.66817 0.958246
-28.3416  17.4969
-35.2182  12.7758
