-53.8732 0
29.9097 57.4475
14.4273 46.8317
4.75504 40.1997
-2.24741 35.3983
-32.8264 14.4312
-40.1131 9.4349
-50.3516 2.41465
-67.1652 -9.11392
18.044 49.3115
7.23823 41.9023
-0.330044 36.713
-31.0877 15.6234
-37.9127 10.9436
-47.2041 4.57283
-61.7511 -5.4016
22.1527 52.1288
9.95046 43.7621
1.71026 38.112
-35.8477 12.3596
-44.3565 6.52534
-57.1281 -2.23179
26.884 55.3729
12.9366 45.8095
3.89281 39.6085
-2.82093 35.0051
-33.8958 13.6979
-41.7524 8.31092
-53.1086 0.524314
32.4211 59.1695
16.2552 48.085
6.24184 41.2192
-0.966358 36.2767
-32.0386 14.9714
-39.3478 9.95967
-49.5585 2.95848
-66.1783 -8.43725
19.9825 50.6407
8.78716 42.9644
0.994599 37.6213
-30.2609 16.1903
-37.1083 11.4952
-46.3805 5.13756
-60.7848 -4.73902
24.2206 53.5467
11.5659 44.8697
3.07866 39.0503
-35.0065 12.9364
-43.5018 7.11138
-56.165 -1.57142
29.1083 56.898
14.6252 46.9674
5.30615 40.5776
-1.57539 35.8591
-33.0202 14.2983
-40.867 8.918
-52.1383 1.18961
34.8402 60.8282
18.026 49.2992
7.70163 42.2201
0.312141 37.1533
-31.1312 15.5936
-38.433 10.5869
-48.5753 3.63264
-64.9412 -7.589
21.8482 51.92
10.2958 43.9989
2.30544 38.5201
-29.3246 16.8323
-36.1659 12.1414
-45.3813 5.82268
-59.5884 -3.91873
26.199 54.9032
13.1273 45.9403
4.42175 39.9712
-2.16164 35.4571
-27.5875 18.0233
-34.0384 13.6002
-42.4855 7.80824
-54.9908 -0.76629
31.2247 58.3492
16.2449 48.078
6.68147 41.5206
-0.342736 36.7043
-32.0289 14.978
-39.8335 9.62661
-50.9749 1.98727
19.7119 50.4552
9.11015 43.1859
1.56646 38.0134
-30.1192 16.2874
-37.383 11.3069
-47.4159 4.42759
-63.4687 -6.57932
23.6117 53.1291
11.7393 44.9886
3.58019 39.3941
-28.2944 17.5387
-35.1008 12.8717
-44.222 6.61759
-58.1785 -2.95197
28.0564 56.1768
14.6085 46.9559
5.71598 40.8586
-0.974975 36.2708
-26.5419 18.7403
-32.9601 14.3395
-41.324 8.60462
-53.6234 0.171304
33.2005 59.7039
17.7684 49.1226
7.99497 42.4212
0.85545 37.5259
-30.9392 15.7252
-38.6691 10.425
-49.637 2.90465
21.2847 51.5336
10.4431 44.0999
2.77442 38.8416
-29.0203 17.041
-36.2158 12.1072
-46.0993 5.33037
-61.7824 -5.42312
25.2439 54.2484
13.0927 45.9166
4.79635 40.228
-1.58895 35.8498
-27.1885 18.297
-33.9315 13.6734
-42.9215 7.50927
-56.5765 -1.85358
29.7634 57.3472
15.9845 47.8994
6.93907 41.6972
0.167677 37.0543
-31.79 15.1418
-40.0367 9.48729
-52.084 1.22682
35.0048 60.9411
19.1706 50.084
9.22408 43.264
1.99826 38.3095
-29.7699 16.527
-37.3932 11.2999
-48.1458 3.92712
22.719 52.5171
11.678 44.9466
3.91486 39.6236
-27.8533 17.8411
-34.9509 12.9745
-44.6463 6.32662
-59.9068 -4.13705
26.7196 55.2601
14.3337 46.7675
5.93321 41.0075
-0.501413 36.5955
-26.0259 19.0941
-32.6777 14.5331
-41.5014 8.48304
-54.8071 -0.640319
31.2933 58.3962
17.2325 48.7551
8.07002 42.4727
1.24646 37.794
-30.5483 15.9932
-38.6449 10.4416
-50.3966 2.3838
36.6112 62.0425
20.4286 50.9466
10.348 44.0347
3.06566 39.0413
-28.541 17.3696
-36.0276 12.2362
-46.5249 5.03856
-63.7139 -6.74746
23.9916 53.3897
12.7935 45.7114
4.96849 40.3461
-26.6391 18.6736
-33.6105 13.8936
-43.0821 7.39915
-57.8723 -2.74204
28.0138 56.1475
15.4406 47.5265
6.97047 41.7188
-24.8277 19.9157
-31.3617 15.4355
-39.9853 9.52254
-52.8981 0.668647
32.6228 59.3078
18.3318 49.5089
9.08942 43.1717
2.24198 38.4766
-29.2565 16.879
-37.173 11.4508
-48.5898 3.62273
37.9939 62.9906
21.5211 51.6957
11.3471 44.7197
4.03869 39.7085
-27.2746 18.2379
-34.5961 13.2177
-44.8024 6.2196
-61.3669 -5.1382
25.0814 54.1369
13.7713 46.3819
5.91667 40.9962
-25.3985 19.5243
-32.2171 14.849
-41.4317 8.53079
-55.7099 -1.25934
29.108 56.8978
16.3956 48.1813
7.89071 42.3497
-30.0062 16.3649
-38.3998 10.6097
-50.8812 2.05156
33.7309 60.0676
19.264 50.148
9.97957 43.782
3.13748 39.0906
-27.9378 17.7831
-35.6455 12.4982
-46.6918 4.92408
39.1354 63.7733
22.4319 52.3202
12.2049 45.3078
4.90089 40.2997
-25.9928 19.1168
-33.1233 14.2276
-43.0064 7.45108
-58.9084 -3.45246
25.9724 54.7478
14.5948 46.9466
6.74304 41.5628
-30.7958 15.8236
-39.724 9.7017
-53.4523 0.288624
29.9848 57.499
17.1837 48.7217
8.67877 42.8901
-28.634 17.3058
-36.7708 11.7266
-48.7875 3.48711
34.603 60.6656
20.0149 50.663
10.7261 44.2939
3.91718 39.6252
-26.6145 18.6905
-34.0887 13.5657
-44.7344 6.26626
40.0189 64.3791
23.1463 52.8101
12.9079 45.7899
5.638 40.8051
-24.7173 19.9914
-31.6334 15.2492
-41.1653 8.71346
-56.3738 -1.7146
26.6524 55.2141
15.2514 47.3968
7.43413 42.0367
-29.3699 16.8012
-37.9863 10.8932
-51.1362 1.87669
30.6333 57.9437
17.7922 49.1389
9.32125 43.3306
-27.2694 18.2415
-35.1253 12.8549
-46.6499 4.95285
35.2294 61.0951
20.5744 51.0465
11.3174 44.6993
-25.3091 19.5856
-32.5285 14.6355
-42.7484 7.62794
-59.738 -4.02128
40.6362 64.8024
23.6552 53.159
13.4448 46.158
6.2375 41.2162
-30.1524 16.2647
-39.3103 9.98536
-53.8009 0.0496144
27.1119 55.5292
15.7319 47.7262
7.9793 42.4105
-27.9639 17.7653
-36.247 12.0858
-48.7966 3.48091
31.0486 58.2285
18.2149 49.4287
9.81013 43.6658
-25.9317 19.1587
-33.4861 13.9789
-44.4943 6.43089
35.6194 61.3625
20.9443 51.3002
11.7515 44.997
-30.9808 15.6967
-40.7501 8.99819
-56.8367 -2.03194
41.0207 65.066
23.9737 53.3774
13.8224 46.4169
-28.6903 17.2672
-37.4495 11.2613
-51.1922 1.83831
27.3815 55.714
16.0513 47.9452
8.38547 42.689
-26.5829 18.7122
-34.5093 13.2773
-46.426 5.10631
31.2727 58.3821
18.4729 49.6057
10.1561 43.903
-31.8655 15.0901
-42.3332 7.91266
-60.3543 -4.44391
35.798 61.4849
21.1348 51.4308
12.0309 45.1886
-29.4685 16.7336
-38.7693 10.3563
-53.9376 -0.0441461
41.1687 65.1674
24.096 53.4612
14.0328 46.5612
-27.2802 18.2341
-35.6265 12.5113
-48.6118 3.60762
27.4362 55.7515
16.1902 48.0405
-32.827 14.4308
-44.106 6.69708
31.2643 58.3763
18.5391 49.651
10.3363 44.0266
-30.3106 16.1562
-40.232 9.3534
-57.13 -2.23306
35.7306 61.4387
21.1247 51.4239
12.1387 45.2625
-28.0308 17.7194
-36.8555 11.6686
-51.1143 1.89168
41.058 65.0916
24.0096 53.402
14.0657 46.5837
-33.879 13.7094
-46.1118 5.32178
27.2739 55.6402
16.1458 48.01
-31.2274 15.5276
-41.8711 8.22953
-60.9089 -4.82419
31.0286 58.2147
18.4153 49.5661
-28.8454 17.1609
-38.2212 10.7321
-54.0238 -0.103207
35.4299 61.2326
20.9208 51.2841
12.0766 45.2199
-35.0386 12.9144
-48.4072 3.74788
40.703 64.8482
23.7227 53.2052
13.9247 46.4871
-32.2323 14.8386
-43.7249 6.95844
26.9052 55.3874
15.9237 47.8577
-29.7346 16.5511
-39.7522 9.68241
-57.4589 -2.4586
30.5808 57.9076
18.1102 49.357
-27.4917 18.089
-36.3291 12.0295
-51.0732 1.9199
34.9096 60.8758
20.5313 51.017
-33.3435 14.0766
-45.8488 5.50216
40.1262 64.4527
23.248 52.8798
13.6174 46.2764
-30.7114 15.8814
-41.4846 8.4945
26.3458 55.0039
15.5338 47.5904
-28.3693 17.4873
-37.7765 11.0371
-54.2157 -0.234823
29.9396 57.468
17.636 49.0318
-34.5813 13.2279
-48.3123 3.81296
34.1937 60.3849
19.9718 50.6334
-31.7933 15.1396
-43.4697 7.13341
39.3505 63.9208
22.6039 52.4381
-29.3361 16.8244
-39.4175 9.91185
-57.9843 -2.81886
45.7829 68.3313
25.6162 54.5036
14.9894 47.2171
-35.971 12.275
-51.2105 1.82578
29.129 56.9122
17.0087 48.6017
-32.9992 14.3127
-45.771 5.55544
33.3102 59.7791
19.2609 50.146
-30.4078 16.0896
-41.2969 8.62323
38.4107 63.2764
21.8099 51.8937
-37.5475 11.1941
-54.6823 -0.554738
44.8197 67.6709
24.7424 53.9044
14.3087 46.7504
-34.3558 13.3825
-48.4751 3.70135
28.1777 56.2599
16.2479 48.0801
-31.6031 15.27
-43.4733 7.13092
32.2923 59.0812
18.4213 49.5702
-39.3529 9.9562
-58.9231 -3.46254
37.3454 62.5459
20.8929 51.2649
-35.8942 12.3277
-51.7077 1.48482
43.7441 66.9334
23.7512 53.2248
-32.948 14.3478
-46.0305 5.37755
27.1202 55.5348
15.3778 47.4834
-41.4423 8.52353
31.178 58.3171
17.479 48.9241
-37.6553 11.1202
-55.6442 -1.21432
36.1981 61.7593
19.8819 50.5718
-34.4728 13.3023
-49.0797 3.28678
42.6073 66.1539
22.6766 52.488
-31.7604 15.1621
-43.8939 6.84251
25.9894 54.7595
-39.6927 9.72314
-60.5486 -4.57712
30.0091 57.5156
16.463 48.2275
-36.217 12.1064
-52.7817 0.748438
35.0173 60.9497
18.8084 49.8357
-33.2939 14.1106
-46.8112 4.84224
41.4637 65.3697
21.5536 51.718
-42.0784 8.08737
24.83 53.9645
-38.2332 10.7239
-57.3744 -2.40064
28.8316 56.7083
15.4044 47.5017
-35.0466 12.9089
-50.3421 2.42117
33.8559 60.1533
17.7093 49.0821
-44.9119 6.14451
40.3777 64.6251
20.4232 50.9429
-40.5882 9.10918
-63.2257 -6.41272
23.6837 53.1785
-37.0669 11.5236
-54.7041 -0.569697
27.6912 55.9264
-34.1449 13.5271
-48.329 3.80155
32.7659 59.4059
16.6206 48.3356
-43.3764 7.19741
39.4184 63.9674
19.3249 50.1898
-39.4221 9.90871
-60.2296 -4.35834
22.5932 52.4308
-36.1939 12.1222
-52.532 0.919632
26.6452 55.2092
-46.7285 4.89895
31.814 58.7533
15.5788 47.6212
-42.2021 8.00256
38.6534 63.4428
18.2985 49.4861
-38.5758 10.489
-57.8259 -2.71023
21.6103 51.7568
-50.8333 2.08439
25.743 54.5905
-45.5318 5.71949
31.0571 58.2343
14.6262 46.9681
-41.3778 8.56779
-64.6954 -7.42047
38.1556 63.1015
17.3908 48.8637
-38.0381 10.8577
-55.9738 -1.44031
20.7793 51.1871
-49.5901 2.93679
25.0376 54.1069
-44.7202 6.27596
30.5528 57.8884
13.8 46.4016
-40.8887 8.90314
-62.5947 -5.98005
37.9946 62.9911
16.6419 48.3502
-37.7946 11.0247
-54.643 -0.527798
20.147 50.7535
-48.7745 3.49607
24.5787 53.7922
-44.2724 6.58301
30.3715 57.7642
13.1379 45.9476
-40.7083 9.02681
-61.1033 -4.95744
38.259 63.1724
16.0907 47.9722
-53.7968 0.0524302
19.7563 50.4856
-48.3564 3.78275
24.4248 53.6867
-44.1541 6.66415
30.5708 57.9008
12.6743 45.6297
-40.8125 8.95538
-60.1674 -4.31577
39.021 63.6948
15.7809 47.7598
-53.3817 0.337007
19.6561 50.4169
-48.2919 3.82697
24.6226 53.8223
-44.3348 6.54025
-68.5176 -10.0412
31.2107 58.3396
12.4471 45.4739
-41.1707 8.70973
-59.7151 -4.00557
40.359 64.6123
15.7472 47.7367
-53.3536 0.356326
19.8848 50.5737
-48.543 3.65481
25.2193 54.2315
-44.7777 6.23653
-67.9424 -9.64685
32.3442 59.1168
12.4852 45.5
-41.7512 8.31171
-59.6881 -3.98706
16.023 47.9258
-53.6608 0.145683
20.4795 50.9815
-49.0653 3.29665
26.2547 54.9414
9.72211 43.6055
-45.4456 5.77858
-67.8463 -9.58092
34.0367 60.2773
12.8159 45.7268
-42.5137 7.78893
-60.0217 -4.2158
16.635 48.3454
-54.2532 -0.260547
21.47 51.6607
-49.8151 2.78251
27.7762 55.9846
10.1108 43.872
-46.292 5.19821
-68.1461 -9.78646
36.335 61.8532
13.4598 46.1683
-43.4217 7.16629
-60.655 -4.65003
17.6133 49.0162
-55.0691 -0.819972
22.8912 52.6352
7.79741 42.2858
-50.739 2.14905
29.8148 57.3825
10.7924 44.3393
-47.2763 4.52333
-68.7665 -10.2119
14.4397 46.8402
-44.4361 6.4708
-61.514 -5.23902
18.9749 49.9499
-56.0568 -1.4972
24.7626 53.9183
8.52064 42.7817
-51.7912 1.42757
32.3998 59.1549
11.7835 45.0189
-48.3548 3.7838
-69.6177 -10.7955
15.7662 47.7497
-45.5188 5.72842
-62.5392 -5.94202
20.7338 51.1559
6.56326 41.4395
-43.1248 7.36988
-57.1616 -2.25474
27.0965 55.5186
9.52838 43.4726
-52.9264 0.649244
35.5486 61.314
13.0898 45.9146
-49.4867 3.00774
-70.6304 -11.4899
17.4465 48.9019
-46.6266 4.96878
-63.6687 -6.71648
22.8942 52.6372
7.59014 42.1437
-44.1988 6.63345
-58.3335 -3.05827
29.912 57.4491
10.8236 44.3607
-54.0919 -0.149909
14.7132 47.0277
-50.625 2.22723
-71.7391 -12.2501
19.4788 50.2954
5.90646 40.9892
-47.7233 4.21684
-64.8473 -7.52458
25.4648 54.3997
8.87989 43.028
-45.2448 5.91628
-59.5145 -3.86806
33.2089 59.7097
12.4018 45.4429
-43.0913 7.39289
-55.2452 -0.940754
16.647 48.3537
4.43009 39.9769
-51.7316 1.46844
-72.8663 -13.023
21.8643 51.931
7.19396 41.872
-48.7721 3.49766
-66.0105 -8.32217
28.4372 56.4379
10.4247 44.0873
-46.2311 5.23996
-60.6596 -4.6532
14.2597 46.7168
3.12455 39.0817
-44.0078 6.76442
-56.3439 -1.69405
18.8873 49.8898
5.7154 40.8582
-42.0336 8.11805
-52.7686 0.757434
-73.9562 -13.7703
24.5892 53.7994
8.71163 42.9126
-49.7411 2.83325
-67.1108 -9.07664
31.8001 58.7437
12.218 45.3168
-47.1237 4.62796
-61.7239 -5.38297
16.3821 48.1721
4.41004 39.9631
-44.8237 6.205
-57.3512 -2.38474
21.4163 51.6239
7.2115 41.884
-42.7719 7.61189
-53.7033 0.116517
27.6367 55.889
10.4499 44.1045
-50.5951 2.24771
-68.1012 -9.75573
14.2419 46.7046
3.24677 39.1655
-47.8963 4.09818
-62.6702 -6.03181
18.751 49.7963
5.88539 40.9748
-45.5139 5.73171
-58.226 -2.98459
24.2098 53.5393
8.90166 43.0429
-43.3797 7.19508
-54.4998 -0.429615
30.9792 58.1808
12.3892 45.4342
2.20225 38.4493
-41.4438 8.52251
-51.3084 1.75861
-68.9441 -10.3337
16.4762 48.2365
4.70288 40.1639
-48.5246 3.66738
-63.4557 -6.57044
21.3399 51.5715
7.53232 42.104
-46.0587 5.35821
-58.94 -3.47414
27.2486 55.6229
10.7665 44.3216
1.25766 37.8016
-43.8398 6.8796
-55.1332 -0.863939
14.5052 46.8851
3.63988 39.4351
-41.8193 8.26505
-51.8574 1.38221
-69.5951 -10.78
18.8932 49.8938
6.30999 41.2659
-39.958 9.5413
-48.9898 3.34842
-64.0532 -6.98008
24.1272 53.4826
9.33027 43.3368
0.397637 37.212
-46.4368 5.09897
-59.4667 -3.83528
30.4986 57.8513
12.7808 45.7028
2.67704 38.7749
-44.1339 6.67796
-55.5809 -1.1709
16.7766 48.4426
5.208 40.5103
-42.0324 8.11889
-52.2226 1.13182
-70.0284 -11.0771
21.4693 51.6602
8.04489 42.4555
-0.391695 36.6707
-40.0907 9.45028
-49.2736 3.15385
-64.4441 -7.24815
27.0705 55.5007
11.2533 44.6554
1.79729 38.1717
-38.2798 10.6919
-46.6376 4.96122
-59.7906 -4.05738
14.9222 47.171
4.20936 39.8255
-44.2535 6.59597
-55.8299 -1.34164
19.1664 50.0812
6.88741 41.6618
-1.11854 36.1723
-42.0713 8.09222
-52.3934 1.01467
-70.2287 -11.2145
24.1633 53.5074
9.88649 43.7182
0.990289 37.6183
-40.0527 9.47637
-49.3618 3.09336
-64.5953 -7.35184
30.1482 57.611
13.2785 46.044
3.29608 39.1993
-38.1673 10.7691
-46.6483 4.95395
-59.8842 -4.12155
17.1541 48.7014
5.83477 40.94
-1.79308 35.7098
-36.3909 11.9871
-44.1881 6.64084
-55.8574 -1.36051
21.6526 51.7859
8.65194 42.8717
0.243841 37.1065
-41.9319 8.18781
-52.3511 1.04367
-70.1624 -11.169
26.9519 55.4195
11.8024 45.0319
2.45471 38.6224
-39.8416 9.62105
-49.2487 3.17093
-64.5001 -7.28653
33.3147 59.7822
15.37 47.4781
4.86981 40.2784
-37.8896 10.9595
-46.4648 5.07974
-59.7427 -4.02451
19.4543 50.2785
7.52708 42.1004
-0.451181 36.6299
-36.0466 12.2232
-43.9357 6.81385
-55.6605 -1.22552
24.1955 53.5295
10.4712 44.1191
1.67409 38.0872
-34.2958 13.4237
-41.6128 8.40664
-52.0946 1.21955
-69.827 -10.939
29.7915 57.3665
13.7711 46.3817
3.97846 39.6672
-39.4606 9.8823
-48.931 3.38876
-64.1507 -7.04699
17.5054 48.9423
6.4937 41.3919
-1.10254 36.1833
-37.444 11.2651
-46.0861 5.3394
-59.361 -3.7628
21.7842 51.8761
9.25641 43.2862
0.9448 37.5871
-35.5417 12.5694
-43.5004 7.11235
-55.2366 -0.934808
26.7587 55.287
12.3237 45.3893
3.14905 39.0985
-33.7342 13.8087
-41.1192 8.7451
-51.6232 1.54277
-69.2184 -10.5217
32.6426 59.3214
15.7585 47.7445
5.53409 40.7339
-1.71692 35.7621
-32.0056 14.994
-38.9084 10.261
-48.41 3.74595
-63.5455 -6.63199
19.6479 50.4113
8.1385 42.5196
0.258878 37.1168
-36.8384 11.6803
-45.5187 5.72843
-58.7395 -3.33666
24.1092 53.4703
11.0015 44.4827
2.37179 38.5656
-34.8853 13.0195
-42.8804 7.53746
-54.5878 -0.489923
29.3046 57.0326
14.1767 46.6598
4.64172 40.122
-2.30011 35.3622
-33.0298 14.2918
-40.4515 9.20288
-50.9454 2.00756
-68.3387 -9.91853
17.7335 49.0987
7.10152 41.8086
-0.390523 36.6715
-31.2558 15.5081
-38.195 10.7501
-47.6953 4.236
-62.6882 -6.04419
21.7643 51.8625
9.78333 43.6474
1.63607 38.0611
-36.0816 12.1992
-44.7628 6.24675
-57.8838 -2.74989
26.3938 55.0368
12.7309 45.6685
3.80332 39.5471
-2.85718 34.9802
-34.0875 13.5665
-42.0874 8.08123
-53.726 0.10092
31.7956 58.7406
16.0003 47.9102
6.13235 41.1441
-1.00933 36.2472
-32.1936 14.8651
-39.6224 9.77137
-50.0607 2.61412
-67.1958 -9.13493
19.6646 50.4228
8.65192 42.8717
0.93959 37.5836
-30.3838 16.106
-37.3315 11.3422
-46.7889 4.85752
-61.5882 -5.28996
23.8214 53.2729
11.398 44.7546
3.0102 39.0033
-28.645 17.2982
-35.1856 12.8136
-43.8328 6.88446
-56.8098 -2.01351
28.603 56.5515
14.4161 46.824
5.22005 40.5185
-1.60476 35.839
-33.1612 14.2016
-41.1333 8.7354
-52.6532 0.836521
34.1943 60.3854
17.7648 49.1201
7.59316 42.1457
0.273771 37.127
-31.2394 15.5194
-38.6449 10.4416
-48.9864 3.35075
-65.811 -8.1854
21.5208 51.6955
10.1592 43.9052
2.25494 38.4855
-29.4043 16.7776
-36.3317 12.0277
-45.7082 5.59853
-60.2663 -4.38352
25.7867 54.6205
12.9555 45.8225
4.35541 39.9257
-2.17725 35.4464
-27.6428 17.9855
-34.1651 13.5133
-42.7431 7.63163
-55.5215 -1.13015
30.7025 57.9911
16.0292 47.93
6.5953 41.4615
-0.366723 36.6879
-32.122 14.9142
-40.0335 9.48949
-51.39 1.70265
36.4648 61.9422
19.4413 50.2696
8.9993 43.1099
1.53117 37.9892
-30.1835 16.2433
-37.535 11.2027
-47.7388 4.20617
-64.1876 -7.07223
23.2721 52.8963
11.598 44.8917
3.53059 39.3601
-28.3341 17.5114
-35.2123 12.7953
