59.0188 14.4383
59.0048 14.5373
58.9908 14.6364
58.9768 14.7354
58.9628 14.8344
58.9488 14.9335
58.9348 15.0325
58.9208 15.1315
58.9068 15.2306
58.8928 15.3296
58.8788 15.4286
58.8649 15.5277
58.8509 15.6267
58.8369 15.7257
58.8229 15.8248
58.8089 15.9238
58.7949 16.0228
58.7809 16.1219
58.7669 16.2209
58.7529 16.3199
58.7389 16.419
58.7249 16.518
58.7109 16.617
58.6969 16.7161
58.683 16.8151
58.669 16.9141
58.655 17.0132
58.641 17.1122
58.627 17.2112
58.613 17.3103
58.599 17.4093
58.585 17.5083
58.571 17.6074
58.557 17.7064
58.543 17.8054
58.529 17.9045
58.515 18.0035
58.5011 18.1025
58.4871 18.2016
58.4731 18.3006
58.4591 18.3996
58.4451 18.4987
58.4311 18.5977
58.4171 18.6967
58.4031 18.7958
58.3891 18.8948
58.3751 18.9938
58.3611 19.0929
58.3471 19.1919
58.3331 19.2909
58.3192 19.39
58.3052 19.489
58.2912 19.588
58.2772 19.6871
58.2632 19.7861
58.2492 19.8851
58.2352 19.9842
58.2212 20.0832
58.2072 20.1822
58.1932 20.2813
58.1792 20.3803
58.1652 20.4793
58.1513 20.5784
58.1373 20.6774
58.1233 20.7764
58.1093 20.8755
58.0953 20.9745
58.0813 21.0735
58.0673 21.1726
58.0533 21.2716
58.0393 21.3706
58.0253 21.4697
58.0113 21.5687
57.9973 21.6677
57.9833 21.7668
57.9694 21.8658
57.9554 21.9648
57.9414 22.0639
57.9274 22.1629
57.9134 22.2619
57.8994 22.361
57.8854 22.46
57.8714 22.559
57.8574 22.6581
57.8434 22.7571
57.8294 22.8561
57.8154 22.9552
57.8014 23.0542
57.7875 23.1532
57.7735 23.2523
57.7595 23.3513
57.7455 23.4504
57.7315 23.5494
57.7175 23.6484
57.7035 23.7475
57.6895 23.8465
57.6755 23.9455
57.6615 24.0446
57.6475 24.1436
57.6335 24.2426
57.6195 24.3417
57.6056 24.4407
57.5916 24.5397
57.5776 24.6388
57.5636 24.7378
57.5496 24.8368
57.5356 24.9359
57.5216 25.0349
57.5076 25.1339
57.4936 25.233
57.4796 25.332
57.4656 25.431
57.4516 25.5301
57.4376 25.6291
57.4237 25.7281
57.4097 25.8272
57.3957 25.9262
57.3817 26.0252
57.3677 26.1243
57.3537 26.2233
57.3397 26.3223
57.3257 26.4214
57.3117 26.5204
57.2977 26.6194
57.2837 26.7185
57.2697 26.8175
57.2557 26.9165
57.2418 27.0156
57.2278 27.1146
57.2138 27.2136
57.1998 27.3127
57.1858 27.4117
57.1718 27.5107
57.1578 27.6098
57.1438 27.7088
57.1298 27.8078
57.1158 27.9069
57.1018 28.0059
57.0878 28.1049
57.0738 28.204
57.0599 28.303
57.0459 28.402
57.0319 28.5011
57.0179 28.6001
57.0039 28.6991
56.9899 28.7982
56.9759 28.8972
56.9619 28.9962
56.9479 29.0953
56.9339 29.1943
56.9199 29.2933
56.9059 29.3924
56.8919 29.4914
56.878 29.5904
56.864 29.6895
56.85 29.7885
56.836 29.8875
56.822 29.9866
56.808 30.0856
56.794 30.1846
56.78 30.2837
56.766 30.3827
56.752 30.4817
56.738 30.5808
56.724 30.6798
56.71 30.7788
56.6961 30.8779
56.6821 30.9769
56.6681 31.0759
56.6541 31.175
56.6401 31.274
56.6261 31.373
56.6121 31.4721
56.5981 31.5711
56.5841 31.6701
56.5701 31.7692
56.5561 31.8682
56.5421 31.9672
56.5281 32.0663
56.5142 32.1653
56.5002 32.2643
56.4862 32.3634
56.4722 32.4624
56.4582 32.5614
56.4442 32.6605
56.4302 32.7595
56.4162 32.8585
56.4022 32.9576
56.3882 33.0566
56.3742 33.1556
56.3602 33.2547
56.3462 33.3537
56.3323 33.4527
56.3183 33.5518
56.3043 33.6508
56.2903 33.7498
56.2763 33.8489
56.2623 33.9479
56.2483 34.0469
56.2343 34.146
56.2203 34.245
56.2063 34.344
56.1923 34.4431
56.1783 34.5421
56.1643 34.6411
56.1504 34.7402
56.1364 34.8392
56.1224 34.9382
56.1084 35.0373
56.0944 35.1363
56.0804 35.2354
56.0664 35.3344
56.0524 35.4334
56.0384 35.5325
56.0244 35.6315
56.0104 35.7305
55.9964 35.8296
55.9824 35.9286
55.9685 36.0276
55.9545 36.1267
55.9405 36.2257
55.9265 36.3247
55.9125 36.4238
55.8985 36.5228
55.8845 36.6218
55.8705 36.7209
55.8565 36.8199
55.8425 36.9189
55.8285 37.018
55.8145 37.117
55.8005 37.216
55.7866 37.3151
55.7726 37.4141
55.7586 37.5131
55.7446 37.6122
55.7306 37.7112
55.7166 37.8102
55.7026 37.9093
55.6886 38.0083
55.6746 38.1073
55.6606 38.2064
55.6466 38.3054
55.6326 38.4044
55.6186 38.5035
55.6047 38.6025
55.5907 38.7015
55.5767 38.8006
55.5627 38.8996
55.5487 38.9986
55.5347 39.0977
55.5207 39.1967
55.5067 39.2957
55.4927 39.3948
55.4787 39.4938
55.4647 39.5928
55.4507 39.6919
55.4368 39.7909
55.4228 39.8899
55.4088 39.989
55.3948 40.088
55.3808 40.187
55.3668 40.2861
55.3528 40.3851
55.3388 40.4841
55.3248 40.5832
55.3108 40.6822
55.2968 40.7812
55.2828 40.8803
55.2688 40.9793
55.2549 41.0783
55.2409 41.1774
55.2269 41.2764
55.2129 41.3754
55.1989 41.4745
55.1849 41.5735
55.1709 41.6725
55.1569 41.7716
55.1429 41.8706
55.1289 41.9696
55.1149 42.0687
55.1009 42.1677
55.0869 42.2667
55.073 42.3658
55.059 42.4648
55.045 42.5638
55.031 42.6629
55.017 42.7619
55.003 42.8609
54.989 42.96
54.975 43.059
54.961 43.158
54.947 43.2571
54.933 43.3561
54.919 43.4551
54.905 43.5542
54.8911 43.6532
54.8771 43.7522
54.8631 43.8513
54.8491 43.9503
54.8351 44.0493
54.8211 44.1484
54.8071 44.2474
54.7931 44.3464
54.7791 44.4455
54.7651 44.5445
54.7511 44.6435
54.7371 44.7426
54.7231 44.8416
54.7092 44.9406
54.6952 45.0397
54.6812 45.1387
54.6672 45.2377
54.6532 45.3368
54.6392 45.4358
54.6252 45.5348
54.6112 45.6339
54.5972 45.7329
54.5832 45.8319
54.5692 45.931
54.5552 46.03
54.5412 46.129
54.5273 46.2281
54.5133 46.3271
54.4993 46.4261
54.4853 46.5252
54.4713 46.6242
54.4573 46.7233
54.4433 46.8223
54.4293 46.9213
54.4153 47.0204
54.4013 47.1194
54.3873 47.2184
54.3733 47.3175
54.3593 47.4165
54.3454 47.5155
54.3314 47.6146
54.3174 47.7136
54.3034 47.8126
54.2894 47.9117
54.2754 48.0107
54.2614 48.1097
54.2474 48.2088
54.2334 48.3078
54.2194 48.4068
54.2054 48.5059
54.1914 48.6049
54.1774 48.7039
54.1635 48.803
54.1495 48.902
54.1355 49.001
54.1215 49.1001
54.1075 49.1991
54.0935 49.2981
54.0795 49.3972
54.0655 49.4962
54.0515 49.5952
54.0375 49.6943
54.0235 49.7933
54.0095 49.8923
53.9955 49.9914
53.9816 50.0904
53.9676 50.1894
53.9536 50.2885
53.9396 50.3875
53.9256 50.4865
53.9116 50.5856
53.8976 50.6846
53.8836 50.7836
53.8696 50.8827
53.8556 50.9817
53.8416 51.0807
53.8276 51.1798
53.8136 51.2788
53.7997 51.3778
53.7857 51.4769
53.7717 51.5759
53.7577 51.6749
53.7437 51.774
53.7297 51.873
53.7157 51.972
53.7017 52.0711
53.6877 52.1701
53.6737 52.2691
53.6597 52.3682
53.6457 52.4672
53.6317 52.5662
53.6178 52.6653
53.6038 52.7643
53.5898 52.8633
53.5758 52.9624
53.5618 53.0614
53.5478 53.1604
53.5338 53.2595
53.5198 53.3585
53.5058 53.4575
53.4918 53.5566
53.4778 53.6556
53.4638 53.7546
53.4498 53.8537
53.4359 53.9527
53.4219 54.0517
53.4079 54.1508
53.3939 54.2498
53.3799 54.3488
53.3659 54.4479
53.3519 54.5469
53.3379 54.6459
53.3239 54.745
66.1647 -5.24486
66.0937 -5.1745
66.0226 -5.10413
65.9515 -5.03376
65.8804 -4.96339
65.8094 -4.89303
65.7383 -4.82266
65.6672 -4.75229
65.5961 -4.68193
65.5251 -4.61156
65.454 -4.54119
65.3829 -4.47082
65.3118 -4.40046
65.2408 -4.33009
65.1697 -4.25972
65.0986 -4.18935
65.0275 -4.11899
64.9565 -4.04862
64.8854 -3.97825
64.8143 -3.90789
64.7432 -3.83752
64.6721 -3.76715
64.6011 -3.69678
64.53 -3.62642
64.4589 -3.55605
64.3878 -3.48568
64.3168 -3.41532
64.2457 -3.34495
64.1746 -3.27458
64.1035 -3.20421
64.0325 -3.13385
63.9614 -3.06348
63.8903 -2.99311
63.8192 -2.92274
63.7482 -2.85238
63.6771 -2.78201
63.606 -2.71164
63.5349 -2.64128
63.4639 -2.57091
63.3928 -2.50054
63.3217 -2.43017
63.2506 -2.35981
63.1796 -2.28944
63.1085 -2.21907
63.0374 -2.14871
62.9663 -2.07834
62.8953 -2.00797
62.8242 -1.9376
62.7531 -1.86724
62.682 -1.79687
62.611 -1.7265
62.5399 -1.65613
62.4688 -1.58577
62.3977 -1.5154
62.3266 -1.44503
62.2556 -1.37467
62.1845 -1.3043
62.1134 -1.23393
62.0423 -1.16356
61.9713 -1.0932
61.9002 -1.02283
61.8291 -0.952462
61.758 -0.882095
61.687 -0.811728
61.6159 -0.741361
61.5448 -0.670993
61.4737 -0.600626
61.4027 -0.530259
61.3316 -0.459892
61.2605 -0.389524
61.1894 -0.319157
61.1184 -0.24879
61.0473 -0.178423
60.9762 -0.108056
60.9051 -0.0376883
60.8341 0.0326786
60.763 0.103046
60.6919 0.173413
60.6208 0.243781
60.5498 0.314147
60.4787 0.384515
60.4076 0.454882
60.3365 0.525249
60.2654 0.595617
60.1944 0.665984
60.1233 0.736351
60.0522 0.806718
59.9811 0.877086
59.9101 0.947453
59.839 1.01782
59.7679 1.08819
59.6968 1.15855
59.6258 1.22892
59.5547 1.29929
59.4836 1.36966
59.4125 1.44002
59.3415 1.51039
59.2704 1.58076
59.1993 1.65112
59.1282 1.72149
59.0572 1.79186
58.9861 1.86223
58.915 1.93259
58.8439 2.00296
58.7729 2.07333
58.7018 2.1437
58.6307 2.21406
58.5596 2.28443
58.4886 2.3548
58.4175 2.42516
58.3464 2.49553
58.2753 2.5659
58.2043 2.63627
58.1332 2.70663
58.0621 2.777
57.991 2.84737
57.9199 2.91773
57.8489 2.9881
57.7778 3.05847
57.7067 3.12884
57.6356 3.1992
57.5646 3.26957
57.4935 3.33994
57.4224 3.41031
57.3513 3.48067
57.2803 3.55104
57.2092 3.62141
57.1381 3.69177
57.067 3.76214
56.996 3.83251
56.9249 3.90288
56.8538 3.97324
56.7827 4.04361
56.7117 4.11398
56.6406 4.18434
56.5695 4.25471
56.4984 4.32508
56.4274 4.39545
56.3563 4.46581
56.2852 4.53618
56.2141 4.60655
56.1431 4.67692
56.072 4.74728
56.0009 4.81765
55.9298 4.88802
55.8588 4.95838
55.7877 5.02875
55.7166 5.09912
55.6455 5.16949
55.5744 5.23985
55.5034 5.31022
55.4323 5.38059
55.3612 5.45095
55.2901 5.52132
55.2191 5.59169
55.148 5.66206
55.0769 5.73242
55.0058 5.80279
54.9348 5.87316
54.8637 5.94353
54.7926 6.01389
54.7215 6.08426
54.6505 6.15463
54.5794 6.22499
54.5083 6.29536
54.4372 6.36573
54.3662 6.4361
54.2951 6.50646
54.224 6.57683
54.1529 6.6472
54.0819 6.71757
54.0108 6.78793
53.9397 6.8583
53.8686 6.92867
53.7976 6.99903
53.7265 7.0694
53.6554 7.13977
53.5843 7.21014
53.5133 7.2805
53.4422 7.35087
53.3711 7.42124
53.3 7.4916
53.2289 7.56197
53.1579 7.63234
53.0868 7.70271
53.0157 7.77307
52.9446 7.84344
52.8736 7.91381
52.8025 7.98418
52.7314 8.05454
52.6603 8.12491
52.5893 8.19528
52.5182 8.26564
52.4471 8.33601
52.376 8.40638
52.305 8.47675
52.2339 8.54711
52.1628 8.61748
52.0917 8.68785
52.0207 8.75821
51.9496 8.82858
51.8785 8.89895
51.8074 8.96932
51.7364 9.03968
51.6653 9.11005
51.5942 9.18042
51.5231 9.25079
51.4521 9.32115
51.381 9.39152
51.3099 9.46189
51.2388 9.53225
51.1678 9.60262
51.0967 9.67299
51.0256 9.74336
50.9545 9.81372
50.8834 9.88409
50.8124 9.95446
50.7413 10.0248
50.6702 10.0952
50.5991 10.1656
50.5281 10.2359
50.457 10.3063
50.3859 10.3767
50.3148 10.447
50.2438 10.5174
50.1727 10.5878
50.1016 10.6581
50.0305 10.7285
49.9595 10.7989
49.8884 10.8692
49.8173 10.9396
49.7462 11.01
49.6752 11.0803
49.6041 11.1507
49.533 11.2211
49.4619 11.2914
49.3909 11.3618
49.3198 11.4322
49.2487 11.5025
49.1776 11.5729
49.1066 11.6433
49.0355 11.7136
48.9644 11.784
48.8933 11.8544
48.8223 11.9247
48.7512 11.9951
48.6801 12.0655
48.609 12.1358
48.5379 12.2062
48.4669 12.2766
48.3958 12.3469
48.3247 12.4173
48.2536 12.4877
48.1826 12.558
48.1115 12.6284
48.0404 12.6988
47.9693 12.7691
47.8983 12.8395
47.8272 12.9099
47.7561 12.9802
47.685 13.0506
47.614 13.121
47.5429 13.1913
47.4718 13.2617
47.4007 13.3321
47.3297 13.4025
47.2586 13.4728
47.1875 13.5432
47.1164 13.6136
47.0454 13.6839
46.9743 13.7543
46.9032 13.8247
46.8321 13.895
46.7611 13.9654
46.69 14.0358
46.6189 14.1061
46.5478 14.1765
46.4767 14.2469
46.4057 14.3172
46.3346 14.3876
46.2635 14.458
46.1924 14.5283
46.1214 14.5987
46.0503 14.6691
45.9792 14.7394
45.9081 14.8098
45.8371 14.8802
45.766 14.9505
45.6949 15.0209
45.6238 15.0913
45.5528 15.1616
45.4817 15.232
45.4106 15.3024
45.3395 15.3727
45.2685 15.4431
45.1974 15.5135
45.1263 15.5838
45.0552 15.6542
44.9842 15.7246
44.9131 15.7949
44.842 15.8653
44.7709 15.9357
44.6999 16.006
44.6288 16.0764
44.5577 16.1468
44.4866 16.2171
44.4156 16.2875
44.3445 16.3579
44.2734 16.4282
44.2023 16.4986
44.1312 16.569
44.0602 16.6393
43.9891 16.7097
43.918 16.7801
43.8469 16.8504
43.7759 16.9208
43.7048 16.9912
43.6337 17.0615
43.5626 17.1319
43.4916 17.2023
43.4205 17.2726
43.3494 17.343
43.2783 17.4134
43.2073 17.4837
43.1362 17.5541
43.0651 17.6245
42.994 17.6949
42.923 17.7652
42.8519 17.8356
42.7808 17.906
42.7097 17.9763
42.6387 18.0467
42.5676 18.1171
42.4965 18.1874
42.4254 18.2578
42.3544 18.3282
42.2833 18.3985
42.2122 18.4689
42.1411 18.5393
42.07 18.6096
41.999 18.68
41.9279 18.7504
41.8568 18.8207
41.7857 18.8911
41.7147 18.9615
41.6436 19.0318
41.5725 19.1022
41.5014 19.1726
41.4304 19.2429
41.3593 19.3133
41.2882 19.3837
41.2171 19.454
41.1461 19.5244
41.075 19.5948
41.0039 19.6651
40.9328 19.7355
40.8618 19.8059
40.7907 19.8762
40.7196 19.9466
40.6485 20.017
40.5775 20.0873
40.5064 20.1577
40.4353 20.2281
40.3642 20.2984
40.2932 20.3688
40.2221 20.4392
40.151 20.5095
40.0799 20.5799
40.0089 20.6503
39.9378 20.7206
39.8667 20.791
39.7956 20.8614
39.7245 20.9317
39.6535 21.0021
39.5824 21.0725
39.5113 21.1428
39.4402 21.2132
39.3692 21.2836
39.2981 21.3539
39.227 21.4243
39.1559 21.4947
39.0849 21.565
39.0138 21.6354
38.9427 21.7058
38.8716 21.7762
38.8006 21.8465
38.7295 21.9169
38.6584 21.9873
38.5873 22.0576
38.5163 22.128
38.4452 22.1984
38.3741 22.2687
38.303 22.3391
38.232 22.4095
38.1609 22.4798
38.0898 22.5502
38.0187 22.6206
37.9477 22.6909
37.8766 22.7613
37.8055 22.8317
37.7344 22.902
37.6633 22.9724
37.5923 23.0428
37.5212 23.1131
37.4501 23.1835
37.379 23.2539
37.308 23.3242
37.2369 23.3946
37.1658 23.465
37.0947 23.5353
37.0237 23.6057
36.9526 23.6761
36.8815 23.7464
36.8104 23.8168
36.7394 23.8872
36.6683 23.9575
36.5972 24.0279
36.5261 24.0983
36.4551 24.1686
36.384 24.239
36.3129 24.3094
36.2418 24.3797
36.1708 24.4501
36.0997 24.5205
36.0286 24.5908
35.9575 24.6612
35.8865 24.7316
35.8154 24.8019
35.7443 24.8723
35.6732 24.9427
35.6021 25.013
35.5311 25.0834
35.46 25.1538
35.3889 25.2241
35.3178 25.2945
35.2468 25.3649
35.1757 25.4352
35.1046 25.5056
35.0335 25.576
34.9625 25.6463
34.8914 25.7167
34.8203 25.7871
34.7492 25.8575
34.6782 25.9278
34.6071 25.9982
34.536 26.0686
34.4649 26.1389
34.3939 26.2093
34.3228 26.2797
34.2517 26.35
34.1806 26.4204
34.1096 26.4908
34.0385 26.5611
33.9674 26.6315
33.8963 26.7019
33.8253 26.7722
33.7542 26.8426
33.6831 26.913
33.612 26.9833
33.541 27.0537
33.4699 27.1241
33.3988 27.1944
33.3277 27.2648
33.2566 27.3352
33.1856 27.4055
33.1145 27.4759
33.0434 27.5463
32.9723 27.6166
32.9013 27.687
32.8302 27.7574
32.7591 27.8277
32.688 27.8981
32.617 27.9685
32.5459 28.0388
32.4748 28.1092
32.4037 28.1796
32.3327 28.2499
32.2616 28.3203
32.1905 28.3907
32.1194 28.461
32.0484 28.5314
31.9773 28.6018
31.9062 28.6721
31.8351 28.7425
31.7641 28.8129
31.693 28.8832
31.6219 28.9536
31.5508 29.024
31.4798 29.0943
31.4087 29.1647
31.3376 29.2351
31.2665 29.3054
31.1955 29.3758
31.1244 29.4462
31.0533 29.5165
30.9822 29.5869
30.9111 29.6573
30.8401 29.7276
30.769 29.798
30.6979 29.8684
30.6268 29.9387
30.5558 30.0091
30.4847 30.0795
30.4136 30.1499
30.3425 30.2202
30.2715 30.2906
30.2004 30.361
30.1293 30.4313
30.0582 30.5017
29.9872 30.5721
29.9161 30.6424
29.845 30.7128
29.7739 30.7832
29.7029 30.8535
29.6318 30.9239
29.5607 30.9943
29.4896 31.0646
29.4186 31.135
29.3475 31.2054
29.2764 31.2757
29.2053 31.3461
29.1343 31.4165
29.0632 31.4868
28.9921 31.5572
28.921 31.6276
28.85 31.6979
28.7789 31.7683
28.7078 31.8387
28.6367 31.909
28.5656 31.9794
28.4946 32.0498
28.4235 32.1201
28.3524 32.1905
28.2813 32.2609
28.2103 32.3312
28.1392 32.4016
28.0681 32.472
27.997 32.5423
27.926 32.6127
27.8549 32.6831
27.7838 32.7534
27.7127 32.8238
27.6417 32.8942
27.5706 32.9645
27.4995 33.0349
27.4284 33.1053
27.3574 33.1756
27.2863 33.246
27.2152 33.3164
27.1441 33.3867
27.0731 33.4571
27.002 33.5275
26.9309 33.5978
26.8598 33.6682
26.7888 33.7386
26.7177 33.8089
26.6466 33.8793
26.5755 33.9497
26.5045 34.0201
26.4334 34.0904
26.3623 34.1608
26.2912 34.2312
26.2201 34.3015
26.1491 34.3719
26.078 34.4423
26.0069 34.5126
25.9358 34.583
25.8648 34.6534
25.7937 34.7237
25.7226 34.7941
25.6515 34.8645
25.5805 34.9348
25.5094 35.0052
25.4383 35.0756
25.3672 35.1459
25.2962 35.2163
25.2251 35.2867
25.154 35.357
25.0829 35.4274
25.0119 35.4978
24.9408 35.5681
24.8697 35.6385
24.7986 35.7089
24.7276 35.7792
24.6565 35.8496
24.5854 35.92
24.5143 35.9903
24.4433 36.0607
24.3722 36.1311
24.3011 36.2014
24.23 36.2718
24.159 36.3422
24.0879 36.4125
24.0168 36.4829
23.9457 36.5533
23.8746 36.6236
23.8036 36.694
23.7325 36.7644
23.6614 36.8347
23.5903 36.9051
23.5193 36.9755
23.4482 37.0458
23.3771 37.1162
23.306 37.1866
23.235 37.2569
23.1639 37.3273
23.0928 37.3977
23.0217 37.468
22.9507 37.5384
22.8796 37.6088
22.8085 37.6791
22.7374 37.7495
22.6664 37.8199
22.5953 37.8902
22.5242 37.9606
22.4531 38.031
22.3821 38.1013
22.311 38.1717
22.2399 38.2421
22.1688 38.3125
22.0978 38.3828
22.0267 38.4532
21.9556 38.5236
21.8845 38.5939
21.8134 38.6643
21.7424 38.7347
21.6713 38.805
21.6002 38.8754
21.5291 38.9458
21.4581 39.0161
21.387 39.0865
21.3159 39.1569
21.2448 39.2272
21.1738 39.2976
21.1027 39.368
21.0316 39.4383
20.9605 39.5087
20.8895 39.5791
20.8184 39.6494
20.7473 39.7198
20.6762 39.7902
20.6052 39.8605
20.5341 39.9309
20.463 40.0013
20.3919 40.0716
20.3209 40.142
20.2498 40.2124
20.1787 40.2827
20.1076 40.3531
20.0366 40.4235
19.9655 40.4938
19.8944 40.5642
19.8233 40.6346
19.7523 40.7049
19.6812 40.7753
19.6101 40.8457
19.539 40.916
19.4679 40.9864
19.3969 41.0568
19.3258 41.1271
19.2547 41.1975
19.1836 41.2679
19.1126 41.3382
19.0415 41.4086
18.9704 41.479
18.8993 41.5493
18.8283 41.6197
18.7572 41.6901
18.6861 41.7604
18.615 41.8308
18.544 41.9012
18.4729 41.9715
18.4018 42.0419
18.3307 42.1123
18.2597 42.1826
18.1886 42.253
18.1175 42.3234
18.0464 42.3937
17.9754 42.4641
17.9043 42.5345
17.8332 42.6049
17.7621 42.6752
17.6911 42.7456
17.62 42.816
17.5489 42.8863
17.4778 42.9567
17.4067 43.0271
17.3357 43.0974
17.2646 43.1678
17.1935 43.2382
17.1224 43.3085
17.0514 43.3789
16.9803 43.4493
16.9092 43.5196
16.8381 43.59
16.7671 43.6604
16.696 43.7307
16.6249 43.8011
16.5538 43.8715
16.4828 43.9418
16.4117 44.0122
16.3406 44.0826
16.2695 44.1529
16.1985 44.2233
16.1274 44.2937
16.0563 44.364
15.9852 44.4344
15.9142 44.5048
15.8431 44.5751
15.772 44.6455
15.7009 44.7159
15.6299 44.7862
15.5588 44.8566
15.4877 44.927
15.4166 44.9973
15.3456 45.0677
15.2745 45.1381
15.2034 45.2084
15.1323 45.2788
15.0612 45.3492
14.9902 45.4195
14.9191 45.4899
14.848 45.5603
14.7769 45.6306
14.7059 45.701
14.6348 45.7714
14.5637 45.8417
14.4926 45.9121
14.4216 45.9825
14.3505 46.0528
14.2794 46.1232
14.2083 46.1936
14.1373 46.2639
14.0662 46.3343
13.9951 46.4047
13.924 46.475
13.853 46.5454
13.7819 46.6158
13.7108 46.6861
13.6397 46.7565
13.5687 46.8269
13.4976 46.8973
13.4265 46.9676
13.3554 47.038
13.2844 47.1084
13.2133 47.1787
13.1422 47.2491
13.0711 47.3195
13 47.3898
12.929 47.4602
12.8579 47.5306
12.7868 47.6009
12.7157 47.6713
12.6447 47.7417
12.5736 47.812
12.5025 47.8824
12.4314 47.9528
12.3604 48.0231
12.2893 48.0935
12.2182 48.1639
12.1471 48.2342
12.0761 48.3046
12.005 48.375
11.9339 48.4453
11.8628 48.5157
11.7918 48.5861
11.7207 48.6564
11.6496 48.7268
11.5785 48.7972
11.5075 48.8675
11.4364 48.9379
11.3653 49.0083
11.2942 49.0786
11.2232 49.149
11.1521 49.2194
11.081 49.2897
11.0099 49.3601
10.9389 49.4305
10.8678 49.5008
10.7967 49.5712
10.7256 49.6416
10.6545 49.7119
10.5835 49.7823
10.5124 49.8527
10.4413 49.923
10.3702 49.9934
10.2992 50.0638
10.2281 50.1341
10.157 50.2045
10.0859 50.2749
10.0149 50.3452
9.94379 50.4156
9.87271 50.486
9.80164 50.5563
9.73056 50.6267
9.65949 50.6971
9.58841 50.7674
9.51734 50.8378
9.44626 50.9082
9.37519 50.9785
9.30411 51.0489
9.23303 51.1193
9.16196 51.1897
9.09088 51.26
9.01981 51.3304
8.94873 51.4008
8.87766 51.4711
8.80658 51.5415
8.7355 51.6119
8.66443 51.6822
8.59335 51.7526
2.77747 30.397
2.87119 30.4322
2.96491 30.4673
3.05863 30.5025
3.15235 30.5377
3.24607 30.5728
3.33979 30.608
3.43351 30.6432
3.52723 30.6783
3.62095 30.7135
3.71467 30.7486
3.80839 30.7838
3.9021 30.819
3.99582 30.8541
4.08954 30.8893
4.18326 30.9245
4.27698 30.9596
4.3707 30.9948
4.46442 31.03
4.55814 31.0651
4.65186 31.1003
4.74558 31.1355
4.8393 31.1706
4.93302 31.2058
5.02674 31.241
5.12046 31.2761
5.21418 31.3113
5.3079 31.3464
5.40162 31.3816
5.49533 31.4168
5.58905 31.4519
5.68277 31.4871
5.77649 31.5223
5.87021 31.5574
5.96393 31.5926
6.05765 31.6278
6.15137 31.6629
6.24509 31.6981
6.33881 31.7333
6.43253 31.7684
6.52625 31.8036
6.61997 31.8388
6.71369 31.8739
6.80741 31.9091
6.90113 31.9442
6.99485 31.9794
7.08856 32.0146
7.18228 32.0497
7.276 32.0849
7.36972 32.1201
7.46344 32.1552
7.55716 32.1904
7.65088 32.2256
7.7446 32.2607
7.83832 32.2959
7.93204 32.3311
8.02576 32.3662
8.11948 32.4014
8.2132 32.4366
8.30692 32.4717
8.40064 32.5069
8.49436 32.542
8.58808 32.5772
8.6818 32.6124
8.77551 32.6475
8.86923 32.6827
8.96295 32.7179
9.05667 32.753
9.15039 32.7882
9.24411 32.8234
9.33783 32.8585
9.43155 32.8937
9.52527 32.9289
9.61899 32.964
9.71271 32.9992
9.80643 33.0344
9.90015 33.0695
9.99387 33.1047
10.0876 33.1398
10.1813 33.175
10.275 33.2102
10.3687 33.2453
10.4625 33.2805
10.5562 33.3157
10.6499 33.3508
10.7436 33.386
10.8373 33.4212
10.9311 33.4563
11.0248 33.4915
11.1185 33.5267
11.2122 33.5618
11.3059 33.597
11.3997 33.6322
11.4934 33.6673
11.5871 33.7025
11.6808 33.7376
11.7745 33.7728
11.8683 33.808
11.962 33.8431
12.0557 33.8783
12.1494 33.9135
12.2431 33.9486
12.3369 33.9838
12.4306 34.019
12.5243 34.0541
12.618 34.0893
12.7117 34.1245
12.8054 34.1596
12.8992 34.1948
12.9929 34.23
13.0866 34.2651
13.1803 34.3003
13.274 34.3354
13.3678 34.3706
13.4615 34.4058
13.5552 34.4409
13.6489 34.4761
13.7426 34.5113
13.8364 34.5464
13.9301 34.5816
14.0238 34.6168
14.1175 34.6519
14.2112 34.6871
14.305 34.7223
14.3987 34.7574
14.4924 34.7926
14.5861 34.8278
14.6798 34.8629
14.7736 34.8981
14.8673 34.9333
14.961 34.9684
15.0547 35.0036
15.1484 35.0387
15.2422 35.0739
15.3359 35.1091
15.4296 35.1442
15.5233 35.1794
15.617 35.2146
15.7108 35.2497
15.8045 35.2849
15.8982 35.3201
15.9919 35.3552
16.0856 35.3904
16.1793 35.4256
16.2731 35.4607
16.3668 35.4959
16.4605 35.5311
16.5542 35.5662
16.6479 35.6014
16.7417 35.6365
16.8354 35.6717
16.9291 35.7069
17.0228 35.742
17.1165 35.7772
17.2103 35.8124
17.304 35.8475
17.3977 35.8827
17.4914 35.9179
17.5851 35.953
17.6789 35.9882
17.7726 36.0234
17.8663 36.0585
17.96 36.0937
18.0537 36.1289
18.1475 36.164
18.2412 36.1992
18.3349 36.2343
18.4286 36.2695
18.5223 36.3047
18.6161 36.3398
18.7098 36.375
18.8035 36.4102
18.8972 36.4453
18.9909 36.4805
19.0846 36.5157
19.1784 36.5508
19.2721 36.586
19.3658 36.6212
19.4595 36.6563
19.5532 36.6915
19.647 36.7267
19.7407 36.7618
19.8344 36.797
19.9281 36.8321
20.0218 36.8673
20.1156 36.9025
20.2093 36.9376
20.303 36.9728
20.3967 37.008
20.4904 37.0431
20.5842 37.0783
20.6779 37.1135
20.7716 37.1486
20.8653 37.1838
20.959 37.219
21.0528 37.2541
21.1465 37.2893
21.2402 37.3245
21.3339 37.3596
21.4276 37.3948
21.5214 37.4299
21.6151 37.4651
21.7088 37.5003
21.8025 37.5354
21.8962 37.5706
21.99 37.6058
22.0837 37.6409
22.1774 37.6761
22.2711 37.7113
22.3648 37.7464
22.4585 37.7816
22.5523 37.8168
22.646 37.8519
11.4784 26.3401
11.561 26.3967
11.6435 26.4532
11.726 26.5098
11.8085 26.5664
11.891 26.623
11.9735 26.6795
12.056 26.7361
12.1385 26.7927
12.221 26.8492
12.3035 26.9058
12.386 26.9624
12.4685 27.019
12.551 27.0755
12.6335 27.1321
12.716 27.1887
12.7985 27.2452
12.8811 27.3018
12.9636 27.3584
13.0461 27.415
13.1286 27.4715
13.2111 27.5281
13.2936 27.5847
13.3761 27.6413
13.4586 27.6978
13.5411 27.7544
13.6236 27.811
13.7061 27.8675
13.7886 27.9241
13.8711 27.9807
13.9536 28.0373
14.0361 28.0938
14.1187 28.1504
14.2012 28.207
14.2837 28.2635
14.3662 28.3201
14.4487 28.3767
14.5312 28.4333
14.6137 28.4898
14.6962 28.5464
14.7787 28.603
14.8612 28.6596
14.9437 28.7161
15.0262 28.7727
15.1087 28.8293
15.1912 28.8858
15.2737 28.9424
15.3562 28.999
15.4388 29.0556
15.5213 29.1121
15.6038 29.1687
15.6863 29.2253
15.7688 29.2818
15.8513 29.3384
15.9338 29.395
16.0163 29.4516
16.0988 29.5081
16.1813 29.5647
16.2638 29.6213
16.3463 29.6779
16.4288 29.7344
16.5113 29.791
16.5938 29.8476
16.6763 29.9041
16.7589 29.9607
16.8414 30.0173
16.9239 30.0739
17.0064 30.1304
17.0889 30.187
17.1714 30.2436
17.2539 30.3001
17.3364 30.3567
17.4189 30.4133
17.5014 30.4699
17.5839 30.5264
17.6664 30.583
17.7489 30.6396
17.8314 30.6962
17.9139 30.7527
17.9965 30.8093
18.079 30.8659
18.1615 30.9224
18.244 30.979
18.3265 31.0356
18.409 31.0922
18.4915 31.1487
18.574 31.2053
18.6565 31.2619
18.739 31.3184
18.8215 31.375
18.904 31.4316
18.9865 31.4882
19.069 31.5447
19.1515 31.6013
19.234 31.6579
19.3166 31.7145
19.3991 31.771
19.4816 31.8276
19.5641 31.8842
19.6466 31.9407
19.7291 31.9973
19.8116 32.0539
19.8941 32.1105
19.9766 32.167
20.0591 32.2236
20.1416 32.2802
20.2241 32.3367
20.3066 32.3933
20.3891 32.4499
20.4716 32.5065
20.5541 32.563
20.6367 32.6196
20.7192 32.6762
20.8017 32.7327
20.8842 32.7893
20.9667 32.8459
21.0492 32.9025
21.1317 32.959
21.2142 33.0156
21.2967 33.0722
21.3792 33.1288
21.4617 33.1853
21.5442 33.2419
21.6267 33.2985
21.7092 33.355
21.7917 33.4116
21.8742 33.4682
21.9568 33.5248
22.0393 33.5813
22.1218 33.6379
22.2043 33.6945
22.2868 33.7511
22.3693 33.8076
22.4518 33.8642
22.5343 33.9208
22.6168 33.9773
22.6993 34.0339
22.7818 34.0905
22.8643 34.1471
22.9468 34.2036
23.0293 34.2602
23.1118 34.3168
23.1944 34.3733
23.2769 34.4299
23.3594 34.4865
23.4419 34.5431
23.5244 34.5996
23.6069 34.6562
23.6894 34.7128
23.7719 34.7694
23.8544 34.8259
23.9369 34.8825
24.0194 34.9391
24.1019 34.9956
24.1844 35.0522
24.2669 35.1088
24.3494 35.1654
24.4319 35.2219
24.5145 35.2785
24.597 35.3351
24.6795 35.3916
24.762 35.4482
24.8445 35.5048
24.927 35.5614
25.0095 35.6179
25.092 35.6745
25.1745 35.7311
25.257 35.7877
25.3395 35.8442
25.422 35.9008
25.5045 35.9574
25.587 36.0139
25.6695 36.0705
25.752 36.1271
25.8346 36.1837
25.9171 36.2402
25.9996 36.2968
26.0821 36.3534
26.1646 36.4099
26.2471 36.4665
26.3296 36.5231
26.4121 36.5797
26.4946 36.6362
26.5771 36.6928
26.6596 36.7494
26.7421 36.806
26.8246 36.8625
26.9071 36.9191
26.9896 36.9757
27.0721 37.0322
27.1547 37.0888
27.2372 37.1454
27.3197 37.202
27.4022 37.2585
27.4847 37.3151
27.5672 37.3717
27.6497 37.4282
27.7322 37.4848
27.8147 37.5414
27.8972 37.598
27.9797 37.6545
28.0622 37.7111
28.1447 37.7677
28.2272 37.8242
28.3097 37.8808
28.3923 37.9374
28.4748 37.994
28.5573 38.0505
28.6398 38.1071
28.7223 38.1637
28.8048 38.2203
28.8873 38.2768
28.9698 38.3334
29.0523 38.39
29.1348 38.4465
29.2173 38.5031
29.2998 38.5597
29.3823 38.6163
29.4648 38.6728
29.5473 38.7294
29.6298 38.786
29.7124 38.8426
29.7949 38.8991
29.8774 38.9557
29.9599 39.0123
30.0424 39.0688
30.1249 39.1254
30.2074 39.182
30.2899 39.2386
30.3724 39.2951
30.4549 39.3517
30.5374 39.4083
30.6199 39.4648
30.7024 39.5214
30.7849 39.578
30.8674 39.6346
30.9499 39.6911
31.0325 39.7477
31.115 39.8043
31.1975 39.8609
31.28 39.9174
31.3625 39.974
31.445 40.0306
31.5275 40.0871
31.61 40.1437
31.6925 40.2003
31.775 40.2569
31.8575 40.3134
31.94 40.37
32.0225 40.4266
32.105 40.4831
32.1875 40.5397
32.2701 40.5963
32.3526 40.6529
32.4351 40.7094
32.5176 40.766
32.6001 40.8226
32.6826 40.8792
32.7651 40.9357
32.8476 40.9923
32.9301 41.0489
33.0126 41.1054
33.0951 41.162
33.1776 41.2186
33.2601 41.2752
33.3426 41.3317
33.4251 41.3883
33.5076 41.4449
33.5902 41.5014
33.6727 41.558
33.7552 41.6146
33.8377 41.6712
33.9202 41.7277
34.0027 41.7843
34.0852 41.8409
34.1677 41.8974
34.2502 41.954
34.3327 42.0106
34.4152 42.0672
34.4977 42.1237
34.5802 42.1803
34.6627 42.2369
34.7452 42.2935
34.8277 42.35
34.9103 42.4066
34.9928 42.4632
35.0753 42.5197
35.1578 42.5763
35.2403 42.6329
35.3228 42.6895
35.4053 42.746
35.4878 42.8026
35.5703 42.8592
35.6528 42.9157
35.7353 42.9723
35.8178 43.0289
35.9003 43.0855
35.9828 43.142
36.0653 43.1986
36.1479 43.2552
36.2304 43.3118
36.3129 43.3683
36.3954 43.4249
36.4779 43.4815
36.5604 43.538
36.6429 43.5946
36.7254 43.6512
36.8079 43.7078
36.8904 43.7643
36.9729 43.8209
37.0554 43.8775
37.1379 43.9341
37.2204 43.9906
37.3029 44.0472
37.3854 44.1038
37.468 44.1603
37.5505 44.2169
37.633 44.2735
37.7155 44.3301
37.798 44.3866
37.8805 44.4432
37.963 44.4998
38.0455 44.5563
38.128 44.6129
38.2105 44.6695
38.293 44.7261
38.3755 44.7826
38.458 44.8392
38.5405 44.8958
38.623 44.9524
38.7055 45.0089
38.7881 45.0655
38.8706 45.1221
38.9531 45.1786
39.0356 45.2352
39.1181 45.2918
39.2006 45.3484
39.2831 45.4049
39.3656 45.4615
39.4481 45.5181
39.5306 45.5746
39.6131 45.6312
39.6956 45.6878
39.7781 45.7444
39.8606 45.8009
39.9431 45.8575
40.0256 45.9141
40.1082 45.9706
40.1907 46.0272
40.2732 46.0838
40.3557 46.1404
40.4382 46.1969
40.5207 46.2535
40.6032 46.3101
40.6857 46.3667
40.7682 46.4232
40.8507 46.4798
40.9332 46.5364
41.0157 46.5929
41.0982 46.6495
41.1807 46.7061
41.2632 46.7627
41.3457 46.8192
41.4283 46.8758
41.5108 46.9324
41.5933 46.9889
41.6758 47.0455
41.7583 47.1021
41.8408 47.1587
41.9233 47.2152
42.0058 47.2718
42.0883 47.3284
42.1708 47.385
42.2533 47.4415
42.3358 47.4981
42.4183 47.5547
42.5008 47.6112
42.5833 47.6678
42.6659 47.7244
42.7484 47.781
42.8309 47.8375
42.9134 47.8941
42.9959 47.9507
43.0784 48.0072
43.1609 48.0638
43.2434 48.1204
43.3259 48.177
43.4084 48.2335
43.4909 48.2901
43.5734 48.3467
43.6559 48.4033
43.7384 48.4598
43.8209 48.5164
43.9034 48.573
43.986 48.6295
44.0685 48.6861
44.151 48.7427
44.2335 48.7993
44.316 48.8558
44.3985 48.9124
44.481 48.969
44.5635 49.0256
44.646 49.0821
44.7285 49.1387
44.811 49.1953
44.8935 49.2518
44.976 49.3084
45.0585 49.365
45.141 49.4216
45.2235 49.4781
45.3061 49.5347
45.3886 49.5913
45.4711 49.6478
45.5536 49.7044
45.6361 49.761
45.7186 49.8176
45.8011 49.8741
45.8836 49.9307
45.9661 49.9873
46.0486 50.0438
46.1311 50.1004
46.2136 50.157
46.2961 50.2136
46.3786 50.2701
46.4611 50.3267
46.5436 50.3833
46.6262 50.4399
46.7087 50.4964
46.7912 50.553
46.8737 50.6096
46.9562 50.6661
47.0387 50.7227
47.1212 50.7793
47.2037 50.8359
47.2862 50.8924
47.3687 50.949
47.4512 51.0056
47.5337 51.0621
47.6162 51.1187
47.6987 51.1753
47.7812 51.2319
47.8638 51.2884
47.9463 51.345
48.0288 51.4016
48.1113 51.4582
48.1938 51.5147
48.2763 51.5713
48.3588 51.6279
48.4413 51.6844
48.5238 51.741
48.6063 51.7976
48.6888 51.8542
48.7713 51.9107
48.8538 51.9673
48.9363 52.0239
49.0188 52.0804
49.1013 52.137
49.1839 52.1936
49.2664 52.2502
49.3489 52.3067
49.4314 52.3633
49.5139 52.4199
49.5964 52.4765
49.6789 52.533
49.7614 52.5896
49.8439 52.6462
49.9264 52.7027
50.0089 52.7593
50.0914 52.8159
50.1739 52.8725
50.2564 52.929
50.3389 52.9856
50.4214 53.0422
50.504 53.0987
50.5865 53.1553
50.669 53.2119
50.7515 53.2685
50.834 53.325
50.9165 53.3816
50.999 53.4382
51.0815 53.4948
51.164 53.5513
51.2465 53.6079
51.329 53.6645
51.4115 53.721
51.494 53.7776
51.5765 53.8342
51.659 53.8908
51.7416 53.9473
51.8241 54.0039
51.9066 54.0605
51.9891 54.1171
52.0716 54.1736
52.1541 54.2302
52.2366 54.2868
52.3191 54.3433
52.4016 54.3999
52.4841 54.4565
52.5666 54.5131
52.6491 54.5696
52.7316 54.6262
52.8141 54.6828
52.8966 54.7393
52.9791 54.7959
53.0617 54.8525
53.1442 54.9091
53.2267 54.9656
53.3092 55.0222
53.3917 55.0788
53.4742 55.1353
53.5567 55.1919
53.6392 55.2485
53.7217 55.3051
53.8042 55.3616
53.8867 55.4182
53.9692 55.4748
54.0517 55.5314
54.1342 55.5879
54.2167 55.6445
54.2992 55.7011
54.3818 55.7576
54.4643 55.8142
54.5468 55.8708
54.6293 55.9274
54.7118 55.9839
54.7943 56.0405
54.8768 56.0971
54.9593 56.1536
55.0418 56.2102
55.1243 56.2668
55.2068 56.3234
55.2893 56.3799
55.3718 56.4365
55.4543 56.4931
55.5368 56.5497
55.6194 56.6062
55.7019 56.6628
55.7844 56.7194
55.8669 56.7759
55.9494 56.8325
56.0319 56.8891
56.1144 56.9457
56.1969 57.0022
56.2794 57.0588
56.3619 57.1154
56.4444 57.1719
56.5269 57.2285
56.6094 57.2851
56.6919 57.3417
56.7744 57.3982
56.8569 57.4548
56.9394 57.5114
57.022 57.568
57.1045 57.6245
57.187 57.6811
57.2695 57.7377
57.352 57.7942
57.4345 57.8508
57.517 57.9074
57.5995 57.964
57.682 58.0205
57.7645 58.0771
57.847 58.1337
57.9295 58.1902
58.012 58.2468
58.0945 58.3034
58.177 58.36
58.2596 58.4165
58.3421 58.4731
58.4246 58.5297
58.5071 58.5863
58.5896 58.6428
58.6721 58.6994
58.7546 58.756
58.8371 58.8125
58.9196 58.8691
59.0021 58.9257
59.0846 58.9823
59.1671 59.0388
59.2496 59.0954
59.3321 59.152
59.4146 59.2085
59.4971 59.2651
59.5797 59.3217
59.6622 59.3783
59.7447 59.4348
59.8272 59.4914
59.9097 59.548
59.9922 59.6046
60.0747 59.6611
60.1572 59.7177
60.2397 59.7743
60.3222 59.8308
60.4047 59.8874
60.4872 59.944
60.5697 60.0006
60.6522 60.0571
60.7347 60.1137
60.8172 60.1703
60.8998 60.2268
60.9823 60.2834
61.0648 60.34
61.1473 60.3966
61.2298 60.4531
61.3123 60.5097
61.3948 60.5663
61.4773 60.6229
61.5598 60.6794
61.6423 60.736
61.7248 60.7926
61.8073 60.8491
61.8898 60.9057
61.9723 60.9623
62.0548 61.0189
62.1374 61.0754
62.2199 61.132
62.3024 61.1886
62.3849 61.2451
62.4674 61.3017
62.5499 61.3583
62.6324 61.4149
62.7149 61.4714
62.7974 61.528
62.8799 61.5846
62.9624 61.6412
63.0449 61.6977
63.1274 61.7543
63.2099 61.8109
63.2924 61.8674
63.3749 61.924
63.4575 61.9806
63.54 62.0372
63.6225 62.0937
63.705 62.1503
63.7875 62.2069
63.87 62.2634
63.9525 62.32
64.035 62.3766
64.1175 62.4332
64.2 62.4897
64.2825 62.5463
64.365 62.6029
64.4475 62.6595
64.53 62.716
64.6125 62.7726
64.6951 62.8292
64.7776 62.8857
64.8601 62.9423
64.9426 62.9989
65.0251 63.0555
65.1076 63.112
65.1901 63.1686
65.2726 63.2252
65.3551 63.2817
65.4376 63.3383
65.5201 63.3949
65.6026 63.4515
65.6851 63.508
65.7676 63.5646
65.8501 63.6212
65.9326 63.6778
66.0152 63.7343
66.0977 63.7909
66.1802 63.8475
66.2627 63.904
66.3452 63.9606
66.4277 64.0172
66.5102 64.0738
66.5927 64.1303
66.6752 64.1869
66.7577 64.2435
66.8402 64.3
66.9227 64.3566
67.0052 64.4132
67.0877 64.4698
67.1702 64.5263
67.2527 64.5829
67.3353 64.6395
67.4178 64.6961
67.5003 64.7526
67.5828 64.8092
67.6653 64.8658
67.7478 64.9223
67.8303 64.9789
67.9128 65.0355
67.9953 65.0921
68.0778 65.1486
68.1603 65.2052
68.2428 65.2618
68.3253 65.3183
68.4078 65.3749
68.4903 65.4315
68.5728 65.4881
68.6554 65.5446
68.7379 65.6012
68.8204 65.6578
68.9029 65.7144
68.9854 65.7709
69.0679 65.8275
69.1504 65.8841
69.2329 65.9406
69.3154 65.9972
69.3979 66.0538
69.4804 66.1104
69.5629 66.1669
69.6454 66.2235
69.7279 66.2801
69.8104 66.3366
69.893 66.3932
69.9755 66.4498
70.058 66.5064
70.1405 66.5629
38.5712 46.7297
38.4735 46.7079
38.3759 46.6861
38.2782 46.6643
38.1806 46.6425
38.0829 46.6207
37.9853 46.5989
37.8876 46.5771
37.79 46.5553
37.6923 46.5335
37.5947 46.5117
37.497 46.4898
37.3994 46.468
37.3017 46.4462
37.2041 46.4244
37.1064 46.4026
37.0088 46.3808
36.9111 46.359
36.8135 46.3372
36.7158 46.3154
36.6182 46.2936
36.5205 46.2718
36.4229 46.25
36.3252 46.2282
36.2276 46.2064
36.1299 46.1846
36.0323 46.1628
35.9346 46.141
35.837 46.1192
35.7393 46.0974
35.6417 46.0756
35.544 46.0538
35.4464 46.032
35.3487 46.0102
35.2511 45.9884
35.1534 45.9666
35.0558 45.9448
34.9581 45.9229
34.8605 45.9011
34.7628 45.8793
34.6652 45.8575
34.5675 45.8357
34.4699 45.8139
34.3722 45.7921
34.2746 45.7703
34.1769 45.7485
34.0793 45.7267
33.9816 45.7049
33.884 45.6831
33.7863 45.6613
33.6887 45.6395
33.591 45.6177
33.4934 45.5959
33.3957 45.5741
33.2981 45.5523
33.2004 45.5305
33.1028 45.5087
33.0051 45.4869
32.9075 45.4651
32.8098 45.4433
32.7122 45.4215
32.6145 45.3997
32.5169 45.3778
32.4192 45.356
32.3216 45.3342
32.2239 45.3124
32.1263 45.2906
32.0286 45.2688
31.931 45.247
31.8333 45.2252
31.7357 45.2034
31.638 45.1816
31.5404 45.1598
31.4427 45.138
31.3451 45.1162
31.2474 45.0944
31.1498 45.0726
31.0521 45.0508
30.9545 45.029
30.8568 45.0072
30.7592 44.9854
30.6615 44.9636
30.5639 44.9418
30.4662 44.92
30.3686 44.8982
30.2709 44.8764
30.1733 44.8546
30.0756 44.8327
29.978 44.8109
29.8803 44.7891
29.7827 44.7673
29.685 44.7455
29.5874 44.7237
29.4897 44.7019
29.3921 44.6801
29.2944 44.6583
29.1968 44.6365
29.0991 44.6147
29.0015 44.5929
28.9038 44.5711
28.8062 44.5493
28.7085 44.5275
28.6109 44.5057
28.5132 44.4839
28.4156 44.4621
28.3179 44.4403
28.2203 44.4185
28.1226 44.3967
28.025 44.3749
27.9273 44.3531
27.8297 44.3313
27.732 44.3095
27.6344 44.2877
27.5367 44.2658
27.4391 44.244
27.3414 44.2222
27.2438 44.2004
27.1461 44.1786
27.0485 44.1568
26.9508 44.135
26.8532 44.1132
26.7555 44.0914
26.6579 44.0696
26.5602 44.0478
26.4626 44.026
26.3649 44.0042
26.2673 43.9824
26.1696 43.9606
26.072 43.9388
25.9743 43.917
25.8767 43.8952
25.779 43.8734
25.6814 43.8516
25.5837 43.8298
25.4861 43.808
25.3884 43.7862
25.2908 43.7644
25.1931 43.7425
25.0955 43.7207
24.9978 43.6989
24.9002 43.6771
24.8025 43.6553
24.7049 43.6335
24.6072 43.6117
24.5096 43.5899
24.4119 43.5681
24.3143 43.5463
24.2166 43.5245
24.119 43.5027
24.0213 43.4809
23.9237 43.4591
23.826 43.4373
23.7284 43.4155
23.6307 43.3937
23.5331 43.3719
23.4354 43.3501
23.3378 43.3283
23.2401 43.3065
23.1425 43.2847
23.0448 43.2629
22.9472 43.2411
22.8495 43.2193
22.7519 43.1975
22.6542 43.1756
22.5566 43.1538
22.4589 43.132
22.3613 43.1102
22.2636 43.0884
22.166 43.0666
22.0683 43.0448
21.9707 43.023
21.873 43.0012
21.7754 42.9794
21.6777 42.9576
21.5801 42.9358
21.4824 42.914
21.3848 42.8922
21.2871 42.8704
21.1895 42.8486
21.0918 42.8268
20.9942 42.805
20.8965 42.7832
20.7989 42.7614
20.7012 42.7396
20.6036 42.7178
20.5059 42.696
20.4083 42.6742
20.3106 42.6524
20.213 42.6306
20.1153 42.6087
20.0177 42.5869
19.92 42.5651
19.8224 42.5433
19.7247 42.5215
19.6271 42.4997
19.5294 42.4779
19.4318 42.4561
19.3341 42.4343
19.2365 42.4125
19.1388 42.3907
19.0412 42.3689
18.9435 42.3471
18.8459 42.3253
18.7482 42.3035
18.6506 42.2817
18.5529 42.2599
18.4553 42.2381
18.3576 42.2163
18.26 42.1945
18.1623 42.1727
18.0647 42.1509
17.967 42.1291
17.8694 42.1073
17.7717 42.0854
17.6741 42.0636
17.5764 42.0418
17.4788 42.02
17.3811 41.9982
17.2835 41.9764
17.1858 41.9546
17.0882 41.9328
16.9905 41.911
16.8929 41.8892
16.7952 41.8674
16.6976 41.8456
16.5999 41.8238
16.5023 41.802
16.4046 41.7802
16.307 41.7584
16.2093 41.7366
16.1117 41.7148
16.014 41.693
15.9164 41.6712
15.8187 41.6494
15.7211 41.6276
15.6234 41.6058
15.5258 41.584
15.4281 41.5622
15.3305 41.5404
15.2328 41.5185
15.1352 41.4967
15.0375 41.4749
14.9399 41.4531
14.8422 41.4313
14.7446 41.4095
14.6469 41.3877
14.5493 41.3659
14.4516 41.3441
14.354 41.3223
14.2563 41.3005
14.1587 41.2787
14.061 41.2569
13.9634 41.2351
13.8657 41.2133
13.7681 41.1915
13.6704 41.1697
13.5728 41.1479
13.4751 41.1261
13.3775 41.1043
13.2798 41.0825
13.1822 41.0607
13.0845 41.0389
12.9869 41.0171
12.8892 40.9953
12.7916 40.9734
12.6939 40.9516
12.5963 40.9298
12.4986 40.908
12.401 40.8862
12.3033 40.8644
12.2057 40.8426
12.108 40.8208
12.0104 40.799
11.9127 40.7772
11.8151 40.7554
11.7174 40.7336
11.6198 40.7118
11.5221 40.69
11.4245 40.6682
11.3268 40.6464
11.2292 40.6246
11.1315 40.6028
11.0339 40.581
10.9362 40.5592
10.8386 40.5374
10.7409 40.5156
10.6433 40.4938
10.5456 40.472
10.448 40.4502
10.3503 40.4283
10.2527 40.4065
10.155 40.3847
10.0574 40.3629
9.95971 40.3411
9.86206 40.3193
9.76441 40.2975
9.66676 40.2757
9.56911 40.2539
9.47146 40.2321
9.37381 40.2103
9.27616 40.1885
9.17851 40.1667
9.08086 40.1449
8.98321 40.1231
8.88556 40.1013
8.78791 40.0795
8.69026 40.0577
8.59261 40.0359
8.49496 40.0141
8.39731 39.9923
8.29966 39.9705
8.20201 39.9487
8.10436 39.9269
8.00671 39.9051
7.90906 39.8832
7.81141 39.8614
7.71376 39.8396
7.61611 39.8178
7.51846 39.796
7.42081 39.7742
7.32316 39.7524
7.22551 39.7306
7.12786 39.7088
7.03021 39.687
6.93256 39.6652
6.83491 39.6434
6.73726 39.6216
6.63961 39.5998
6.54196 39.578
6.44431 39.5562
6.34666 39.5344
6.24901 39.5126
6.15136 39.4908
6.05371 39.469
5.95606 39.4472
5.85841 39.4254
5.76076 39.4036
5.66311 39.3818
5.56546 39.36
5.46781 39.3382
5.37016 39.3163
5.27251 39.2945
5.17486 39.2727
5.07721 39.2509
4.97956 39.2291
4.88191 39.2073
4.78426 39.1855
4.68661 39.1637
4.58896 39.1419
4.49131 39.1201
4.39366 39.0983
4.29601 39.0765
4.19836 39.0547
4.10071 39.0329
4.00306 39.0111
3.90541 38.9893
3.80776 38.9675
3.71011 38.9457
3.61246 38.9239
3.51481 38.9021
3.41716 38.8803
3.31951 38.8585
3.22186 38.8367
3.12421 38.8149
3.02656 38.7931
2.92891 38.7712
2.83126 38.7494
2.73361 38.7276
2.63596 38.7058
2.53831 38.684
2.44066 38.6622
2.34301 38.6404
2.24536 38.6186
2.14771 38.5968
2.05006 38.575
1.95241 38.5532
1.85476 38.5314
1.75711 38.5096
1.65946 38.4878
1.56181 38.466
1.46416 38.4442
1.36651 38.4224
1.26886 38.4006
1.17121 38.3788
1.07356 38.357
0.97591 38.3352
0.878262 38.3134
0.780609 38.2916
0.682961 38.2698
0.585312 38.248
0.487659 38.2261
0.390011 38.2043
0.292362 38.1825
0.19471 38.1607
0.0970612 38.1389
-0.000591278 38.1171
-0.0982399 38.0953
-0.195889 38.0735
-0.293541 38.0517
-0.39119 38.0299
-0.488838 38.0081
-0.586491 37.9863
-0.684139 37.9645
-0.781792 37.9427
-0.87944 37.9209
-0.977089 37.8991
-1.07474 37.8773
-1.17239 37.8555
-1.27004 37.8337
-1.36769 37.8119
-1.46534 37.7901
-1.56299 37.7683
-1.66064 37.7465
-1.75829 37.7247
-1.85594 37.7029
-1.95359 37.681
-2.05124 37.6592
-2.14889 37.6374
-2.24654 37.6156
-2.34419 37.5938
-2.44184 37.572
-2.53949 37.5502
-2.63714 37.5284
-2.73479 37.5066
-2.83244 37.4848
-2.93009 37.463
-3.02774 37.4412
-3.12539 37.4194
-3.22304 37.3976
-3.32069 37.3758
-3.41834 37.354
-3.51599 37.3322
-3.61364 37.3104
-3.71129 37.2886
-3.80894 37.2668
-3.90659 37.245
-4.00424 37.2232
-4.10189 37.2014
-4.19954 37.1796
-4.29719 37.1578
-4.39484 37.1359
-4.49249 37.1141
-4.59014 37.0923
-4.68779 37.0705
-4.78544 37.0487
-4.88309 37.0269
-4.98074 37.0051
-5.07839 36.9833
-5.17604 36.9615
-5.27369 36.9397
-5.37134 36.9179
-5.46899 36.8961
-5.56664 36.8743
-5.66429 36.8525
-5.76194 36.8307
-5.85959 36.8089
-5.95724 36.7871
-6.05489 36.7653
-6.15254 36.7435
-6.25019 36.7217
-6.34784 36.6999
-6.44549 36.6781
-6.54314 36.6563
-6.64079 36.6345
-6.73844 36.6127
-6.83609 36.5909
-6.93374 36.569
-7.03139 36.5472
-7.12904 36.5254
-7.22669 36.5036
-7.32434 36.4818
-7.42199 36.46
-7.51964 36.4382
-7.61729 36.4164
-7.71494 36.3946
-7.81259 36.3728
-7.91024 36.351
-8.00789 36.3292
-8.10554 36.3074
-8.20319 36.2856
-8.30084 36.2638
-8.39849 36.242
-8.49614 36.2202
-8.59379 36.1984
-8.69144 36.1766
-8.78909 36.1548
-8.88674 36.133
-8.98439 36.1112
-9.08204 36.0894
-9.17969 36.0676
-9.27734 36.0458
-9.37499 36.0239
-9.47264 36.0021
-9.57029 35.9803
-9.66794 35.9585
-9.76559 35.9367
-9.86324 35.9149
-9.96089 35.8931
-10.0585 35.8713
-10.1562 35.8495
-10.2538 35.8277
-10.3515 35.8059
-10.4491 35.7841
-10.5468 35.7623
-10.6444 35.7405
-10.7421 35.7187
-23.3699 -0.711322
-23.3489 -0.613536
-23.3278 -0.51575
-23.3067 -0.417965
-23.2857 -0.320179
-23.2646 -0.222393
-23.2435 -0.124608
-23.2225 -0.0268219
-23.2014 0.0709639
-23.1803 0.16875
-23.1593 0.266535
-23.1382 0.364321
-23.1171 0.462107
-23.0961 0.559892
-23.075 0.657678
-23.0539 0.755464
-23.0329 0.85325
-23.0118 0.951035
-22.9907 1.04882
-22.9696 1.14661
-22.9486 1.24439
-22.9275 1.34218
-22.9064 1.43996
-22.8854 1.53775
-22.8643 1.63554
-22.8432 1.73332
-22.8222 1.83111
-22.8011 1.92889
-22.78 2.02668
-22.759 2.12446
-22.7379 2.22225
-22.7168 2.32004
-22.6958 2.41782
-22.6747 2.51561
-22.6536 2.61339
-22.6326 2.71118
-22.6115 2.80896
-22.5904 2.90675
-22.5694 3.00454
-22.5483 3.10232
-22.5272 3.20011
-22.5062 3.29789
-22.4851 3.39568
-22.464 3.49346
-22.4429 3.59125
-22.4219 3.68904
-22.4008 3.78682
-22.3797 3.88461
-22.3587 3.98239
-22.3376 4.08018
-22.3165 4.17796
-22.2955 4.27575
-22.2744 4.37354
-22.2533 4.47132
-22.2323 4.56911
-22.2112 4.66689
-22.1901 4.76468
-22.1691 4.86246
-22.148 4.96025
-22.1269 5.05803
-22.1059 5.15582
-22.0848 5.25361
-22.0637 5.35139
-22.0427 5.44918
-22.0216 5.54696
-22.0005 5.64475
-21.9794 5.74254
-21.9584 5.84032
-21.9373 5.93811
-21.9162 6.03589
-21.8952 6.13368
-21.8741 6.23146
-21.853 6.32925
-21.832 6.42704
-21.8109 6.52482
-21.7898 6.62261
-21.7688 6.72039
-21.7477 6.81818
-21.7266 6.91596
-21.7056 7.01375
-21.6845 7.11154
-21.6634 7.20932
-21.6424 7.30711
-21.6213 7.40489
-21.6002 7.50268
-21.5792 7.60046
-21.5581 7.69825
-21.537 7.79603
-21.5159 7.89382
-21.4949 7.99161
-21.4738 8.08939
-21.4527 8.18718
-21.4317 8.28496
-21.4106 8.38275
-21.3895 8.48053
-21.3685 8.57832
-21.3474 8.67611
-21.3263 8.77389
-21.3053 8.87168
-21.2842 8.96946
-21.2631 9.06725
-21.2421 9.16504
-21.221 9.26282
-21.1999 9.36061
-21.1789 9.45839
-21.1578 9.55618
-21.1367 9.65396
-21.1157 9.75175
-21.0946 9.84953
-21.0735 9.94732
-21.0525 10.0451
-21.0314 10.1429
-21.0103 10.2407
-20.9892 10.3385
-20.9682 10.4362
-20.9471 10.534
-20.926 10.6318
-20.905 10.7296
-20.8839 10.8274
-20.8628 10.9252
-20.8418 11.023
-20.8207 11.1207
-20.7996 11.2185
-20.7786 11.3163
-20.7575 11.4141
-20.7364 11.5119
-20.7154 11.6097
-20.6943 11.7075
-20.6732 11.8052
-20.6522 11.903
-20.6311 12.0008
-20.61 12.0986
-20.589 12.1964
-20.5679 12.2942
-20.5468 12.392
-20.5257 12.4897
-20.5047 12.5875
-20.4836 12.6853
-20.4625 12.7831
-20.4415 12.8809
-20.4204 12.9787
-20.3993 13.0765
-20.3783 13.1742
-20.3572 13.272
-20.3361 13.3698
-20.3151 13.4676
-20.294 13.5654
-20.2729 13.6632
-20.2519 13.761
-20.2308 13.8587
-20.2097 13.9565
-20.1887 14.0543
-20.1676 14.1521
-20.1465 14.2499
-20.1255 14.3477
-20.1044 14.4455
-20.0833 14.5432
-20.0622 14.641
-20.0412 14.7388
-20.0201 14.8366
-19.999 14.9344
-19.978 15.0322
-19.9569 15.13
-19.9358 15.2277
-19.9148 15.3255
-19.8937 15.4233
-19.8726 15.5211
-19.8516 15.6189
-19.8305 15.7167
-19.8094 15.8145
-19.7884 15.9122
-19.7673 16.01
-19.7462 16.1078
-19.7252 16.2056
-19.7041 16.3034
-19.683 16.4012
-19.662 16.499
-19.6409 16.5967
-19.6198 16.6945
-19.5987 16.7923
-19.5777 16.8901
-19.5566 16.9879
-19.5355 17.0857
-19.5145 17.1835
-19.4934 17.2812
-19.4723 17.379
-19.4513 17.4768
-19.4302 17.5746
-19.4091 17.6724
-19.3881 17.7702
-19.367 17.868
-19.3459 17.9657
-19.3249 18.0635
-19.3038 18.1613
-19.2827 18.2591
-19.2617 18.3569
-19.2406 18.4547
-19.2195 18.5525
-19.1985 18.6502
-19.1774 18.748
-19.1563 18.8458
-19.1353 18.9436
-19.1142 19.0414
-19.0931 19.1392
-19.072 19.237
-19.051 19.3347
-19.0299 19.4325
-19.0088 19.5303
-18.9878 19.6281
-18.9667 19.7259
-18.9456 19.8237
-18.9246 19.9215
-18.9035 20.0192
-18.8824 20.117
-18.8614 20.2148
-18.8403 20.3126
-18.8192 20.4104
-18.7982 20.5082
-18.7771 20.606
-18.756 20.7038
-18.735 20.8015
-18.7139 20.8993
-18.6928 20.9971
-18.6718 21.0949
-18.6507 21.1927
-18.6296 21.2905
-18.6085 21.3882
-18.5875 21.486
-18.5664 21.5838
-18.5453 21.6816
-18.5243 21.7794
-18.5032 21.8772
-18.4821 21.975
-18.4611 22.0728
-18.44 22.1705
-18.4189 22.2683
-18.3979 22.3661
-18.3768 22.4639
-18.3557 22.5617
-18.3347 22.6595
-18.3136 22.7572
-18.2925 22.855
-18.2715 22.9528
-18.2504 23.0506
-18.2293 23.1484
-18.2083 23.2462
-18.1872 23.344
-18.1661 23.4417
-18.1451 23.5395
-18.124 23.6373
-18.1029 23.7351
-18.0818 23.8329
-18.0608 23.9307
-18.0397 24.0285
-18.0186 24.1262
-17.9976 24.224
-17.9765 24.3218
-17.9554 24.4196
-17.9344 24.5174
-17.9133 24.6152
-17.8922 24.713
-17.8712 24.8107
-17.8501 24.9085
-17.829 25.0063
-17.808 25.1041
-17.7869 25.2019
-17.7658 25.2997
-17.7448 25.3975
-17.7237 25.4952
-17.7026 25.593
-17.6816 25.6908
-17.6605 25.7886
-17.6394 25.8864
-17.6183 25.9842
-17.5973 26.082
-17.5762 26.1797
-17.5551 26.2775
-17.5341 26.3753
-17.513 26.4731
-17.4919 26.5709
-17.4709 26.6687
-17.4498 26.7665
-17.4287 26.8643
-17.4077 26.962
-17.3866 27.0598
-17.3655 27.1576
-17.3445 27.2554
-17.3234 27.3532
-17.3023 27.451
-17.2813 27.5487
-17.2602 27.6465
-17.2391 27.7443
-17.2181 27.8421
-17.197 27.9399
-17.1759 28.0377
-17.1548 28.1355
-17.1338 28.2332
-17.1127 28.331
-17.0916 28.4288
-17.0706 28.5266
-17.0495 28.6244
-17.0284 28.7222
-17.0074 28.82
-16.9863 28.9177
-16.9652 29.0155
-16.9442 29.1133
-16.9231 29.2111
-16.902 29.3089
-16.881 29.4067
-16.8599 29.5045
-16.8388 29.6022
-16.8178 29.7
-16.7967 29.7978
-16.7756 29.8956
-16.7546 29.9934
-16.7335 30.0912
-16.7124 30.189
-16.6913 30.2867
-16.6703 30.3845
-16.6492 30.4823
-16.6281 30.5801
-16.6071 30.6779
-16.586 30.7757
-16.5649 30.8735
-16.5439 30.9712
-16.5228 31.069
-16.5017 31.1668
-16.4807 31.2646
-16.4596 31.3624
-16.4385 31.4602
-16.4175 31.558
-16.3964 31.6557
-16.3753 31.7535
-16.3543 31.8513
-16.3332 31.9491
-16.3121 32.0469
-16.2911 32.1447
-16.27 32.2425
-16.2489 32.3402
-16.2278 32.438
-16.2068 32.5358
-16.1857 32.6336
-16.1646 32.7314
-16.1436 32.8292
-16.1225 32.927
-16.1014 33.0247
-16.0804 33.1225
-16.0593 33.2203
-16.0382 33.3181
-16.0172 33.4159
-15.9961 33.5137
-15.975 33.6115
-15.954 33.7092
-15.9329 33.807
-15.9118 33.9048
-15.8908 34.0026
-15.8697 34.1004
-15.8486 34.1982
-15.8276 34.296
-15.8065 34.3937
-15.7854 34.4915
-15.7644 34.5893
-15.7433 34.6871
-15.7222 34.7849
-15.7011 34.8827
-15.6801 34.9805
-15.659 35.0782
-15.6379 35.176
-15.6169 35.2738
-15.5958 35.3716
-15.5747 35.4694
-15.5537 35.5672
-15.5326 35.665
-15.5115 35.7627
-15.4905 35.8605
-15.4694 35.9583
-15.4483 36.0561
-15.4273 36.1539
-15.4062 36.2517
-15.3851 36.3495
-15.3641 36.4472
-15.343 36.545
-15.3219 36.6428
-15.3009 36.7406
-15.2798 36.8384
-15.2587 36.9362
-15.2376 37.034
-15.2166 37.1317
-15.1955 37.2295
-15.1744 37.3273
-15.1534 37.4251
-15.1323 37.5229
-15.1112 37.6207
-15.0902 37.7185
-15.0691 37.8162
-15.048 37.914
-15.027 38.0118
-15.0059 38.1096
-14.9848 38.2074
-14.9638 38.3052
-14.9427 38.403
-14.9216 38.5007
-14.9006 38.5985
-14.8795 38.6963
-14.8584 38.7941
-14.8374 38.8919
-14.8163 38.9897
-14.7952 39.0875
-14.7741 39.1852
-14.7531 39.283
-14.732 39.3808
-14.7109 39.4786
-14.6899 39.5764
-14.6688 39.6742
-14.6477 39.772
-14.6267 39.8697
-14.6056 39.9675
-14.5845 40.0653
-14.5635 40.1631
-14.5424 40.2609
-14.5213 40.3587
-14.5003 40.4565
-14.4792 40.5542
-14.4581 40.652
-14.4371 40.7498
-14.416 40.8476
-14.3949 40.9454
-14.3739 41.0432
-14.3528 41.141
-14.3317 41.2387
-14.3107 41.3365
-14.2896 41.4343
-14.2685 41.5321
-14.2474 41.6299
-14.2264 41.7277
-14.2053 41.8255
-14.1842 41.9232
-14.1632 42.021
-14.1421 42.1188
-14.121 42.2166
-14.1 42.3144
-14.0789 42.4122
-14.0578 42.51
-14.0368 42.6077
-14.0157 42.7055
-13.9946 42.8033
-13.9736 42.9011
-13.9525 42.9989
-13.9314 43.0967
-13.9104 43.1945
-13.8893 43.2922
-13.8682 43.39
-13.8472 43.4878
-13.8261 43.5856
-13.805 43.6834
-13.7839 43.7812
-13.7629 43.879
-13.7418 43.9767
-13.7207 44.0745
-13.6997 44.1723
-13.6786 44.2701
-13.6575 44.3679
-13.6365 44.4657
-13.6154 44.5635
-13.5943 44.6612
-13.5733 44.759
-13.5522 44.8568
-13.5311 44.9546
-13.5101 45.0524
-13.489 45.1502
-13.4679 45.248
-13.4469 45.3457
-13.4258 45.4435
-13.4047 45.5413
-13.3837 45.6391
-13.3626 45.7369
-13.3415 45.8347
-13.3204 45.9325
-13.2994 46.0302
-13.2783 46.128
-13.2572 46.2258
-13.2362 46.3236
-13.2151 46.4214
-13.194 46.5192
-13.173 46.617
-13.1519 46.7147
-13.1308 46.8125
-13.1098 46.9103
-13.0887 47.0081
-13.0676 47.1059
-13.0466 47.2037
-13.0255 47.3015
-13.0044 47.3992
-12.9834 47.497
-12.9623 47.5948
-12.9412 47.6926
-12.9202 47.7904
-12.8991 47.8882
-12.878 47.986
-12.857 48.0837
-12.8359 48.1815
-12.8148 48.2793
-12.7937 48.3771
-12.7727 48.4749
-12.7516 48.5727
-12.7305 48.6705
-12.7095 48.7682
-12.6884 48.866
-12.6673 48.9638
-12.6463 49.0616
-12.6252 49.1594
-12.6041 49.2572
-12.5831 49.355
-12.562 49.4527
-12.5409 49.5505
-12.5199 49.6483
-12.4988 49.7461
-12.4777 49.8439
-12.4567 49.9417
-12.4356 50.0395
-12.4145 50.1372
-12.3935 50.235
-12.3724 50.3328
-12.3513 50.4306
-12.3302 50.5284
-12.3092 50.6262
-12.2881 50.724
-12.267 50.8217
-12.246 50.9195
-12.2249 51.0173
-12.2038 51.1151
-12.1828 51.2129
-12.1617 51.3107
-12.1406 51.4085
-12.1196 51.5062
-12.0985 51.604
-12.0774 51.7018
-12.0564 51.7996
-12.0353 51.8974
-12.0142 51.9952
-11.9932 52.093
-11.9721 52.1907
-11.951 52.2885
-11.93 52.3863
-11.9089 52.4841
-11.8878 52.5819
-11.8667 52.6797
-11.8457 52.7775
-11.8246 52.8752
-11.8035 52.973
-11.7825 53.0708
-11.7614 53.1686
-11.7403 53.2664
-11.7193 53.3642
-11.6982 53.462
-11.6771 53.5597
-11.6561 53.6575
-11.635 53.7553
-11.6139 53.8531
-11.5929 53.9509
-11.5718 54.0487
-11.5507 54.1465
-11.5297 54.2442
-11.5086 54.342
-11.4875 54.4398
-11.4665 54.5376
-11.4454 54.6354
-11.4243 54.7332
-11.4032 54.831
-11.3822 54.9287
-11.3611 55.0265
-11.34 55.1243
-11.319 55.2221
-11.2979 55.3199
-9.33209 15.0944
-9.34127 14.9947
-9.35044 14.895
-9.35962 14.7953
-9.3688 14.6956
-9.37798 14.5959
-9.38715 14.4962
-9.39633 14.3965
-9.40551 14.2968
-9.41468 14.1971
-9.42386 14.0974
-9.43304 13.9977
-9.44221 13.898
-9.45139 13.7983
-9.46057 13.6986
-9.46975 13.5989
-9.47892 13.4992
-9.4881 13.3995
-9.49728 13.2997
-9.50645 13.2
-9.51563 13.1003
-9.52481 13.0006
-9.53399 12.9009
-9.54316 12.8012
-9.55234 12.7015
-9.56152 12.6018
-9.57069 12.5021
-9.57987 12.4024
-9.58905 12.3027
-9.59822 12.203
-9.6074 12.1033
-9.61658 12.0036
-9.62576 11.9039
-9.63493 11.8042
-9.64411 11.7045
-9.65329 11.6048
-9.66246 11.5051
-9.67164 11.4054
-9.68082 11.3056
-9.68999 11.2059
-9.69917 11.1062
-9.70835 11.0065
-9.71753 10.9068
-9.7267 10.8071
-9.73588 10.7074
-9.74506 10.6077
-9.75423 10.508
-9.76341 10.4083
-9.77259 10.3086
-9.78176 10.2089
-9.79094 10.1092
-9.80012 10.0095
-9.8093 9.90978
-9.81847 9.81007
-9.82765 9.71037
-9.83683 9.61066
-9.846 9.51096
-9.85518 9.41125
-9.86436 9.31155
-9.87354 9.21185
-9.88271 9.11214
-9.89189 9.01243
-9.90107 8.91273
-9.91024 8.81302
-9.91942 8.71332
-9.9286 8.61362
-9.93777 8.51391
-9.94695 8.41421
-9.95613 8.3145
-9.96531 8.2148
-9.97448 8.11509
-9.98366 8.01539
-9.99284 7.91568
-10.002 7.81598
-10.0112 7.71627
-10.0204 7.61657
-10.0295 7.51686
-10.0387 7.41716
-10.0479 7.31745
-10.0571 7.21775
-10.0663 7.11804
-10.0754 7.01834
-10.0846 6.91863
-10.0938 6.81893
-10.103 6.71922
-10.1121 6.61952
-10.1213 6.51981
-10.1305 6.42011
-10.1397 6.3204
-10.1488 6.2207
-10.158 6.12099
-10.1672 6.02129
-10.1764 5.92158
-10.1856 5.82188
-10.1947 5.72217
-10.2039 5.62247
-10.2131 5.52276
-10.2223 5.42306
-10.2314 5.32335
-10.2406 5.22365
-10.2498 5.12394
-10.259 5.02424
-10.2681 4.92453
-10.2773 4.82483
-10.2865 4.72512
-10.2957 4.62542
-10.3049 4.52571
-10.314 4.42601
-10.3232 4.3263
-10.3324 4.2266
-10.3416 4.12689
-10.3507 4.02719
-10.3599 3.92748
-10.3691 3.82778
-10.3783 3.72807
-10.3874 3.62837
-10.3966 3.52866
-10.4058 3.42896
-10.415 3.32925
-10.4242 3.22955
-10.4333 3.12984
-10.4425 3.03014
-10.4517 2.93043
-10.4609 2.83073
-10.47 2.73102
-10.4792 2.63132
-10.4884 2.53161
-10.4976 2.43191
-10.5067 2.3322
-10.5159 2.2325
-10.5251 2.13279
-10.5343 2.03309
-10.5435 1.93338
-10.5526 1.83368
-10.5618 1.73397
-10.571 1.63427
-10.5802 1.53456
-10.5893 1.43486
-10.5985 1.33515
-10.6077 1.23545
-10.6169 1.13574
-10.6261 1.03604
-10.6352 0.936333
-10.6444 0.836627
-10.6536 0.736922
-10.6628 0.637218
-10.6719 0.537513
-10.6811 0.437807
-10.6903 0.338102
-10.6995 0.238398
-10.7086 0.138693
-10.7178 0.0389872
-10.727 -0.0607176
-10.7362 -0.160422
-10.7454 -0.260127
-10.7545 -0.359833
-10.7637 -0.459538
-10.7729 -0.559242
-10.7821 -0.658947
-10.7912 -0.758653
-10.8004 -0.858357
-10.8096 -0.958061
-10.8188 -1.05777
-10.8279 -1.15747
-10.8371 -1.25718
-10.8463 -1.35688
-10.8555 -1.45659
-10.8647 -1.55629
-10.8738 -1.656
-10.883 -1.7557
-10.8922 -1.85541
-10.9014 -1.95511
-10.9105 -2.05482
-10.9197 -2.15452
-10.9289 -2.25423
-10.9381 -2.35393
-10.9472 -2.45364
-10.9564 -2.55334
-10.9656 -2.65305
-10.9748 -2.75275
-10.984 -2.85246
-10.9931 -2.95216
-11.0023 -3.05187
-11.0115 -3.15157
-11.0207 -3.25128
-11.0298 -3.35098
-11.039 -3.45069
-11.0482 -3.55039
-11.0574 -3.6501
-11.0665 -3.7498
-11.0757 -3.84951
-11.0849 -3.94921
-11.0941 -4.04892
-11.1033 -4.14862
-11.1124 -4.24833
-11.1216 -4.34803
-11.1308 -4.44774
-11.14 -4.54744
-11.1491 -4.64715
-11.1583 -4.74685
-11.1675 -4.84656
-11.1767 -4.94626
-11.1858 -5.04597
-11.195 -5.14567
-11.2042 -5.24538
-11.2134 -5.34508
-11.2226 -5.44479
-11.2317 -5.54449
-11.2409 -5.6442
-11.2501 -5.7439
-11.2593 -5.84361
-11.2684 -5.94331
-11.2776 -6.04302
-11.2868 -6.14272
-11.296 -6.24243
-11.3052 -6.34213
-11.3143 -6.44184
-11.3235 -6.54154
-11.3327 -6.64124
-11.3419 -6.74095
-11.351 -6.84066
-11.3602 -6.94036
-11.3694 -7.04007
-11.3786 -7.13977
-11.3877 -7.23948
-11.3969 -7.33918
-11.4061 -7.43888
-11.4153 -7.53859
-11.4245 -7.6383
-11.4336 -7.738
-11.4428 -7.83771
-11.452 -7.93741
-11.4612 -8.03712
-11.4703 -8.13682
-11.4795 -8.23652
-11.4887 -8.33623
-11.4979 -8.43594
-11.507 -8.53564
-11.5162 -8.63535
-11.5254 -8.73505
-11.5346 -8.83475
-11.5438 -8.93446
-11.5529 -9.03416
-11.5621 -9.13387
-11.5713 -9.23358
-11.5805 -9.33328
-11.5896 -9.43299
-11.5988 -9.53269
-11.608 -9.63239
-11.6172 -9.7321
-11.6263 -9.8318
-11.6355 -9.93151
-11.6447 -10.0312
-11.6539 -10.1309
-11.6631 -10.2306
-11.6722 -10.3303
-11.6814 -10.43
-11.6906 -10.5297
-11.6998 -10.6294
-11.7089 -10.7291
-11.7181 -10.8289
-11.7273 -10.9286
-11.7365 -11.0283
-11.7456 -11.128
-11.7548 -11.2277
-11.764 -11.3274
-11.7732 -11.4271
-11.7824 -11.5268
-11.7915 -11.6265
-11.8007 -11.7262
-11.8099 -11.8259
-11.8191 -11.9256
-11.8282 -12.0253
-11.8374 -12.125
-11.8466 -12.2247
-11.8558 -12.3244
-11.8649 -12.4241
-11.8741 -12.5238
-11.8833 -12.6235
-11.8925 -12.7232
-11.9017 -12.823
-11.9108 -12.9227
-11.92 -13.0224
-11.9292 -13.1221
-11.9384 -13.2218
-11.9475 -13.3215
-11.9567 -13.4212
-11.9659 -13.5209
-11.9751 -13.6206
-11.9843 -13.7203
-11.9934 -13.82
-12.0026 -13.9197
-12.0118 -14.0194
74.8924 -3.17431
74.8308 -3.09552
74.7691 -3.01673
74.7074 -2.93794
74.6458 -2.85916
74.5841 -2.78037
74.5224 -2.70158
74.4607 -2.62279
74.3991 -2.544
74.3374 -2.46521
74.2757 -2.38642
74.214 -2.30763
74.1524 -2.22885
74.0907 -2.15006
74.029 -2.07127
73.9673 -1.99248
73.9057 -1.91369
73.844 -1.8349
73.7823 -1.75611
73.7206 -1.67732
73.659 -1.59854
73.5973 -1.51975
73.5356 -1.44096
73.4739 -1.36217
73.4123 -1.28338
73.3506 -1.20459
73.2889 -1.1258
73.2272 -1.04701
73.1656 -0.968226
73.1039 -0.889437
73.0422 -0.810648
72.9806 -0.73186
72.9189 -0.653071
72.8572 -0.574282
72.7955 -0.495493
72.7339 -0.416705
72.6722 -0.337916
72.6105 -0.259127
72.5488 -0.180338
72.4872 -0.10155
72.4255 -0.0227609
72.3638 0.0560279
72.3021 0.134817
72.2405 0.213605
72.1788 0.292394
72.1171 0.371183
72.0554 0.449972
71.9938 0.52876
71.9321 0.607549
71.8704 0.686338
71.8087 0.765126
71.7471 0.843915
71.6854 0.922704
71.6237 1.00149
71.562 1.08028
71.5004 1.15907
71.4387 1.23786
71.377 1.31665
71.3154 1.39544
71.2537 1.47423
71.192 1.55301
71.1303 1.6318
71.0686 1.71059
71.007 1.78938
70.9453 1.86817
70.8836 1.94696
70.822 2.02575
70.7603 2.10454
70.6986 2.18332
70.6369 2.26211
70.5753 2.3409
70.5136 2.41969
70.4519 2.49848
70.3902 2.57727
70.3286 2.65606
70.2669 2.73485
70.2052 2.81363
70.1435 2.89242
70.0819 2.97121
70.0202 3.05
69.9585 3.12879
69.8968 3.20758
69.8352 3.28637
69.7735 3.36516
69.7118 3.44394
69.6501 3.52273
69.5885 3.60152
69.5268 3.68031
69.4651 3.7591
69.4035 3.83789
69.3418 3.91668
69.2801 3.99547
69.2184 4.07425
69.1568 4.15304
69.0951 4.23183
69.0334 4.31062
68.9717 4.38941
68.9101 4.4682
68.8484 4.54699
68.7867 4.62578
68.725 4.70456
68.6634 4.78335
68.6017 4.86214
68.54 4.94093
68.4783 5.01972
68.4167 5.09851
68.355 5.1773
68.2933 5.25609
68.2316 5.33487
68.17 5.41366
68.1083 5.49245
68.0466 5.57124
67.9849 5.65003
67.9233 5.72882
67.8616 5.80761
67.7999 5.8864
67.7383 5.96518
67.6766 6.04397
67.6149 6.12276
67.5532 6.20155
67.4916 6.28034
67.4299 6.35913
67.3682 6.43792
67.3065 6.51671
67.2449 6.59549
67.1832 6.67428
67.1215 6.75307
67.0598 6.83186
66.9982 6.91065
66.9365 6.98944
66.8748 7.06823
66.8131 7.14702
66.7515 7.2258
66.6898 7.30459
66.6281 7.38338
66.5664 7.46217
66.5048 7.54096
66.4431 7.61975
66.3814 7.69854
66.3197 7.77733
66.2581 7.85611
66.1964 7.9349
66.1347 8.01369
66.0731 8.09248
66.0114 8.17127
65.9497 8.25006
65.888 8.32885
65.8264 8.40764
65.7647 8.48642
65.703 8.56521
65.6413 8.644
65.5797 8.72279
65.518 8.80158
65.4563 8.88037
65.3946 8.95916
65.333 9.03795
65.2713 9.11673
65.2096 9.19552
65.1479 9.27431
65.0863 9.3531
65.0246 9.43189
64.9629 9.51068
64.9012 9.58947
64.8396 9.66826
64.7779 9.74704
64.7162 9.82583
64.6545 9.90462
64.5929 9.98341
64.5312 10.0622
64.4695 10.141
64.4079 10.2198
64.3462 10.2986
64.2845 10.3774
64.2228 10.4561
64.1611 10.5349
64.0995 10.6137
64.0378 10.6925
63.9761 10.7713
63.9145 10.8501
63.8528 10.9289
63.7911 11.0077
63.7294 11.0865
63.6678 11.1652
63.6061 11.244
63.5444 11.3228
63.4827 11.4016
63.4211 11.4804
63.3594 11.5592
63.2977 11.638
63.236 11.7168
63.1744 11.7956
63.1127 11.8743
63.051 11.9531
62.9893 12.0319
62.9277 12.1107
62.866 12.1895
62.8043 12.2683
62.7426 12.3471
62.681 12.4259
62.6193 12.5047
62.5576 12.5834
62.4959 12.6622
62.4343 12.741
62.3726 12.8198
62.3109 12.8986
62.2493 12.9774
62.1876 13.0562
62.1259 13.135
62.0642 13.2137
62.0026 13.2925
61.9409 13.3713
61.8792 13.4501
61.8175 13.5289
61.7559 13.6077
61.6942 13.6865
61.6325 13.7653
61.5708 13.8441
61.5092 13.9228
61.4475 14.0016
61.3858 14.0804
61.3241 14.1592
61.2625 14.238
61.2008 14.3168
61.1391 14.3956
61.0774 14.4744
61.0158 14.5532
60.9541 14.6319
60.8924 14.7107
60.8307 14.7895
60.7691 14.8683
60.7074 14.9471
60.6457 15.0259
60.5841 15.1047
60.5224 15.1835
60.4607 15.2623
60.399 15.341
60.3374 15.4198
60.2757 15.4986
60.214 15.5774
60.1523 15.6562
60.0907 15.735
60.029 15.8138
59.9673 15.8926
59.9056 15.9714
59.844 16.0501
59.7823 16.1289
59.7206 16.2077
59.6589 16.2865
59.5973 16.3653
59.5356 16.4441
59.4739 16.5229
59.4122 16.6017
59.3506 16.6805
59.2889 16.7592
59.2272 16.838
59.1656 16.9168
59.1039 16.9956
59.0422 17.0744
58.9805 17.1532
58.9189 17.232
58.8572 17.3108
58.7955 17.3896
58.7338 17.4683
58.6722 17.5471
58.6105 17.6259
58.5488 17.7047
58.4871 17.7835
58.4255 17.8623
58.3638 17.9411
58.3021 18.0199
58.2404 18.0987
58.1788 18.1774
58.1171 18.2562
58.0554 18.335
57.9937 18.4138
57.9321 18.4926
57.8704 18.5714
57.8087 18.6502
57.747 18.729
57.6854 18.8078
57.6237 18.8865
57.562 18.9653
57.5003 19.0441
57.4387 19.1229
57.377 19.2017
57.3153 19.2805
57.2537 19.3593
57.192 19.4381
57.1303 19.5168
57.0686 19.5956
57.007 19.6744
56.9453 19.7532
56.8836 19.832
56.8219 19.9108
56.7603 19.9896
56.6986 20.0684
56.6369 20.1472
56.5752 20.2259
56.5136 20.3047
56.4519 20.3835
56.3902 20.4623
56.3285 20.5411
56.2669 20.6199
56.2052 20.6987
56.1435 20.7775
56.0818 20.8563
56.0202 20.935
55.9585 21.0138
55.8968 21.0926
55.8351 21.1714
55.7735 21.2502
55.7118 21.329
55.6501 21.4078
55.5884 21.4866
55.5268 21.5654
55.4651 21.6441
55.4034 21.7229
55.3418 21.8017
55.2801 21.8805
55.2184 21.9593
55.1567 22.0381
55.0951 22.1169
55.0334 22.1957
54.9717 22.2745
54.91 22.3532
54.8484 22.432
54.7867 22.5108
54.725 22.5896
54.6633 22.6684
54.6017 22.7472
54.54 22.826
54.4783 22.9048
54.4166 22.9836
54.355 23.0623
54.2933 23.1411
54.2316 23.2199
54.1699 23.2987
54.1083 23.3775
54.0466 23.4563
53.9849 23.5351
53.9232 23.6139
53.8616 23.6927
53.7999 23.7714
53.7382 23.8502
53.6766 23.929
53.6149 24.0078
53.5532 24.0866
53.4915 24.1654
53.4299 24.2442
53.3682 24.323
53.3065 24.4018
53.2448 24.4805
53.1832 24.5593
53.1215 24.6381
53.0598 24.7169
52.9981 24.7957
52.9365 24.8745
52.8748 24.9533
52.8131 25.0321
52.7514 25.1109
52.6898 25.1896
52.6281 25.2684
52.5664 25.3472
52.5047 25.426
52.4431 25.5048
52.3814 25.5836
52.3197 25.6624
52.258 25.7412
52.1964 25.82
52.1347 25.8987
52.073 25.9775
52.0114 26.0563
51.9497 26.1351
51.888 26.2139
51.8263 26.2927
51.7647 26.3715
51.703 26.4503
51.6413 26.529
51.5796 26.6078
51.518 26.6866
51.4563 26.7654
51.3946 26.8442
51.3329 26.923
51.2713 27.0018
51.2096 27.0806
51.1479 27.1594
51.0862 27.2381
51.0246 27.3169
50.9629 27.3957
50.9012 27.4745
50.8395 27.5533
50.7779 27.6321
50.7162 27.7109
50.6545 27.7897
50.5928 27.8685
50.5312 27.9472
50.4695 28.026
50.4078 28.1048
50.3461 28.1836
50.2845 28.2624
50.2228 28.3412
50.1611 28.42
50.0995 28.4988
50.0378 28.5776
49.9761 28.6563
49.9144 28.7351
49.8528 28.8139
49.7911 28.8927
49.7294 28.9715
49.6677 29.0503
49.6061 29.1291
49.5444 29.2079
49.4827 29.2867
49.421 29.3654
49.3594 29.4442
49.2977 29.523
49.236 29.6018
49.1743 29.6806
49.1127 29.7594
49.051 29.8382
48.9893 29.917
48.9276 29.9958
48.866 30.0745
48.8043 30.1533
48.7426 30.2321
48.6809 30.3109
48.6193 30.3897
48.5576 30.4685
48.4959 30.5473
48.4342 30.6261
48.3726 30.7049
48.3109 30.7836
48.2492 30.8624
48.1876 30.9412
48.1259 31.02
48.0642 31.0988
48.0025 31.1776
47.9409 31.2564
47.8792 31.3352
47.8175 31.4139
47.7558 31.4927
47.6942 31.5715
47.6325 31.6503
47.5708 31.7291
47.5091 31.8079
47.4475 31.8867
47.3858 31.9655
47.3241 32.0443
47.2624 32.123
47.2008 32.2018
47.1391 32.2806
47.0774 32.3594
47.0157 32.4382
46.9541 32.517
46.8924 32.5958
46.8307 32.6746
46.7691 32.7534
46.7074 32.8321
46.6457 32.9109
46.584 32.9897
46.5224 33.0685
46.4607 33.1473
46.399 33.2261
46.3373 33.3049
46.2757 33.3837
46.214 33.4625
46.1523 33.5412
46.0906 33.62
46.029 33.6988
45.9673 33.7776
45.9056 33.8564
45.8439 33.9352
45.7823 34.014
45.7206 34.0928
45.6589 34.1716
45.5972 34.2503
45.5356 34.3291
45.4739 34.4079
45.4122 34.4867
45.3505 34.5655
45.2889 34.6443
45.2272 34.7231
45.1655 34.8019
45.1039 34.8807
45.0422 34.9594
44.9805 35.0382
44.9188 35.117
44.8572 35.1958
44.7955 35.2746
44.7338 35.3534
44.6721 35.4322
44.6105 35.511
44.5488 35.5898
44.4871 35.6685
44.4254 35.7473
44.3638 35.8261
44.3021 35.9049
44.2404 35.9837
44.1787 36.0625
44.1171 36.1413
44.0554 36.2201
43.9937 36.2989
43.932 36.3776
43.8704 36.4564
43.8087 36.5352
43.747 36.614
43.6853 36.6928
43.6237 36.7716
43.562 36.8504
43.5003 36.9292
43.4386 37.0079
43.377 37.0867
43.3153 37.1655
43.2536 37.2443
43.192 37.3231
43.1303 37.4019
43.0686 37.4807
43.0069 37.5595
42.9453 37.6383
42.8836 37.717
42.8219 37.7958
42.7602 37.8746
42.6986 37.9534
42.6369 38.0322
42.5752 38.111
42.5135 38.1898
42.4519 38.2686
42.3902 38.3474
42.3285 38.4261
42.2668 38.5049
42.2052 38.5837
42.1435 38.6625
42.0818 38.7413
42.0201 38.8201
41.9585 38.8989
41.8968 38.9777
41.8351 39.0565
41.7734 39.1352
41.7118 39.214
41.6501 39.2928
41.5884 39.3716
41.5267 39.4504
41.4651 39.5292
41.4034 39.608
41.3417 39.6868
41.2801 39.7656
41.2184 39.8443
41.1567 39.9231
41.095 40.0019
41.0334 40.0807
40.9717 40.1595
40.91 40.2383
40.8483 40.3171
40.7867 40.3959
40.725 40.4747
40.6633 40.5534
40.6016 40.6322
40.54 40.711
40.4783 40.7898
40.4166 40.8686
40.3549 40.9474
40.2933 41.0262
40.2316 41.105
40.1699 41.1838
40.1082 41.2625
40.0466 41.3413
39.9849 41.4201
39.9232 41.4989
39.8615 41.5777
39.7999 41.6565
39.7382 41.7353
39.6765 41.8141
39.6149 41.8929
39.5532 41.9716
39.4915 42.0504
39.4298 42.1292
39.3682 42.208
39.3065 42.2868
39.2448 42.3656
39.1831 42.4444
39.1215 42.5232
39.0598 42.602
38.9981 42.6807
38.9364 42.7595
38.8748 42.8383
38.8131 42.9171
38.7514 42.9959
38.6897 43.0747
38.6281 43.1535
38.5664 43.2323
38.5047 43.3111
38.443 43.3898
38.3814 43.4686
38.3197 43.5474
38.258 43.6262
38.1964 43.705
38.1347 43.7838
38.073 43.8626
38.0113 43.9414
37.9497 44.0201
37.888 44.0989
37.8263 44.1777
37.7646 44.2565
37.703 44.3353
37.6413 44.4141
37.5796 44.4929
37.5179 44.5717
37.4563 44.6505
37.3946 44.7292
37.3329 44.808
37.2712 44.8868
37.2096 44.9656
37.1479 45.0444
37.0862 45.1232
37.0245 45.202
36.9629 45.2808
36.9012 45.3596
36.8395 45.4383
36.7778 45.5171
36.7162 45.5959
36.6545 45.6747
36.5928 45.7535
36.5311 45.8323
36.4695 45.9111
36.4078 45.9899
36.3461 46.0687
36.2845 46.1474
36.2228 46.2262
36.1611 46.305
36.0994 46.3838
36.0378 46.4626
35.9761 46.5414
35.9144 46.6202
35.8527 46.699
35.7911 46.7778
35.7294 46.8565
35.6677 46.9353
35.606 47.0141
35.5444 47.0929
35.4827 47.1717
35.421 47.2505
35.3593 47.3293
35.2977 47.4081
35.236 47.4869
35.1743 47.5656
35.1126 47.6444
35.051 47.7232
34.9893 47.802
34.9276 47.8808
34.8659 47.9596
34.8043 48.0384
34.7426 48.1172
34.6809 48.196
34.6192 48.2747
34.5576 48.3535
34.4959 48.4323
34.4342 48.5111
34.3726 48.5899
34.3109 48.6687
34.2492 48.7475
34.1875 48.8263
34.1259 48.9051
34.0642 48.9838
34.0025 49.0626
33.9408 49.1414
33.8792 49.2202
33.8175 49.299
33.7558 49.3778
33.6941 49.4566
33.6325 49.5354
33.5708 49.6142
33.5091 49.6929
33.4474 49.7717
33.3858 49.8505
33.3241 49.9293
33.2624 50.0081
33.2007 50.0869
33.1391 50.1657
33.0774 50.2445
33.0157 50.3232
32.954 50.402
32.8924 50.4808
32.8307 50.5596
32.769 50.6384
32.7074 50.7172
32.6457 50.796
32.584 50.8748
32.5223 50.9536
32.4607 51.0323
32.399 51.1111
32.3373 51.1899
32.2756 51.2687
32.214 51.3475
32.1523 51.4263
32.0906 51.5051
32.0289 51.5839
31.9673 51.6627
31.9056 51.7414
31.8439 51.8202
31.7822 51.899
31.7206 51.9778
31.6589 52.0566
31.5972 52.1354
31.5355 52.2142
31.4739 52.293
31.4122 52.3718
31.3505 52.4505
31.2888 52.5293
31.2272 52.6081
31.1655 52.6869
31.1038 52.7657
31.0422 52.8445
30.9805 52.9233
30.9188 53.0021
30.8571 53.0809
30.7955 53.1596
30.7338 53.2384
30.6721 53.3172
30.6104 53.396
30.5488 53.4748
30.4871 53.5536
30.4254 53.6324
30.3637 53.7112
30.3021 53.79
30.2404 53.8687
30.1787 53.9475
30.117 54.0263
30.0554 54.1051
29.9937 54.1839
29.932 54.2627
29.8703 54.3415
29.8087 54.4203
29.747 54.4991
29.6853 54.5778
29.6236 54.6566
29.562 54.7354
29.5003 54.8142
29.4386 54.893
29.3769 54.9718
29.3153 55.0506
29.2536 55.1294
29.1919 55.2082
29.1303 55.2869
29.0686 55.3657
29.0069 55.4445
28.9452 55.5233
28.8836 55.6021
28.8219 55.6809
28.7602 55.7597
28.6985 55.8385
28.6369 55.9173
28.5752 55.996
28.5135 56.0748
28.4518 56.1536
28.3902 56.2324
28.3285 56.3112
28.2668 56.39
28.2051 56.4688
28.1435 56.5476
28.0818 56.6264
28.0201 56.7051
27.9584 56.7839
27.8968 56.8627
27.8351 56.9415
27.7734 57.0203
27.7117 57.0991
27.6501 57.1779
27.5884 57.2567
27.5267 57.3354
27.465 57.4142
27.4034 57.493
27.3417 57.5718
27.28 57.6506
27.2184 57.7294
27.1567 57.8082
27.095 57.887
27.0333 57.9658
26.9717 58.0445
26.91 58.1233
26.8483 58.2021
26.7866 58.2809
26.725 58.3597
26.6633 58.4385
26.6016 58.5173
26.5399 58.5961
26.4783 58.6749
26.4166 58.7536
26.3549 58.8324
36.264 4.60316
36.2749 4.70284
36.2857 4.80251
36.2966 4.90219
36.3075 5.00186
36.3184 5.10154
36.3293 5.20121
36.3401 5.30089
36.351 5.40056
36.3619 5.50024
36.3728 5.59991
36.3837 5.69959
36.3945 5.79926
36.4054 5.89894
36.4163 5.99861
36.4272 6.09829
36.438 6.19796
36.4489 6.29764
36.4598 6.39731
36.4707 6.49699
36.4816 6.59666
36.4924 6.69634
36.5033 6.79601
36.5142 6.89569
36.5251 6.99536
36.536 7.09504
36.5468 7.19471
36.5577 7.29438
36.5686 7.39406
36.5795 7.49373
36.5903 7.59341
36.6012 7.69308
36.6121 7.79276
36.623 7.89243
36.6339 7.99211
36.6447 8.09178
36.6556 8.19146
36.6665 8.29113
36.6774 8.39081
36.6883 8.49048
36.6991 8.59016
36.71 8.68983
36.7209 8.78951
36.7318 8.88918
36.7427 8.98886
36.7535 9.08853
36.7644 9.18821
36.7753 9.28788
36.7862 9.38756
36.797 9.48723
36.8079 9.58691
36.8188 9.68658
36.8297 9.78626
36.8406 9.88593
36.8514 9.98561
36.8623 10.0853
36.8732 10.185
36.8841 10.2846
36.895 10.3843
36.9058 10.484
36.9167 10.5837
36.9276 10.6833
36.9385 10.783
36.9493 10.8827
36.9602 10.9824
36.9711 11.082
36.982 11.1817
36.9929 11.2814
37.0037 11.3811
37.0146 11.4807
37.0255 11.5804
37.0364 11.6801
37.0473 11.7798
37.0581 11.8794
37.069 11.9791
37.0799 12.0788
37.0908 12.1785
37.1017 12.2781
37.1125 12.3778
37.1234 12.4775
37.1343 12.5772
37.1452 12.6768
37.156 12.7765
37.1669 12.8762
37.1778 12.9759
37.1887 13.0755
37.1996 13.1752
37.2104 13.2749
37.2213 13.3746
37.2322 13.4742
37.2431 13.5739
37.254 13.6736
37.2648 13.7733
37.2757 13.8729
37.2866 13.9726
37.2975 14.0723
37.3083 14.172
37.3192 14.2716
37.3301 14.3713
37.341 14.471
37.3519 14.5707
37.3627 14.6703
37.3736 14.77
37.3845 14.8697
37.3954 14.9694
37.4063 15.069
37.4171 15.1687
37.428 15.2684
37.4389 15.3681
37.4498 15.4677
37.4607 15.5674
37.4715 15.6671
37.4824 15.7668
37.4933 15.8664
37.5042 15.9661
37.515 16.0658
37.5259 16.1655
37.5368 16.2651
37.5477 16.3648
37.5586 16.4645
37.5694 16.5642
37.5803 16.6638
37.5912 16.7635
37.6021 16.8632
37.613 16.9629
37.6238 17.0625
37.6347 17.1622
37.6456 17.2619
37.6565 17.3616
37.6673 17.4612
37.6782 17.5609
37.6891 17.6606
37.7 17.7603
37.7109 17.8599
37.7217 17.9596
37.7326 18.0593
37.7435 18.159
37.7544 18.2586
37.7653 18.3583
37.7761 18.458
37.787 18.5576
37.7979 18.6573
37.8088 18.757
37.8197 18.8567
37.8305 18.9564
37.8414 19.056
37.8523 19.1557
37.8632 19.2554
37.874 19.355
37.8849 19.4547
37.8958 19.5544
37.9067 19.6541
37.9176 19.7537
37.9284 19.8534
37.9393 19.9531
37.9502 20.0528
37.9611 20.1524
37.972 20.2521
37.9828 20.3518
37.9937 20.4515
38.0046 20.5511
38.0155 20.6508
38.0263 20.7505
38.0372 20.8502
38.0481 20.9498
38.059 21.0495
38.0699 21.1492
38.0807 21.2489
38.0916 21.3485
38.1025 21.4482
38.1134 21.5479
38.1243 21.6476
38.1351 21.7472
38.146 21.8469
38.1569 21.9466
38.1678 22.0463
38.1786 22.1459
38.1895 22.2456
38.2004 22.3453
38.2113 22.445
38.2222 22.5446
38.233 22.6443
38.2439 22.744
38.2548 22.8437
38.2657 22.9433
38.2766 23.043
38.2874 23.1427
38.2983 23.2424
38.3092 23.342
38.3201 23.4417
38.331 23.5414
38.3418 23.6411
38.3527 23.7407
38.3636 23.8404
38.3745 23.9401
38.3853 24.0398
38.3962 24.1394
38.4071 24.2391
38.418 24.3388
38.4289 24.4385
38.4397 24.5381
38.4506 24.6378
38.4615 24.7375
38.4724 24.8372
38.4833 24.9368
38.4941 25.0365
38.505 25.1362
38.5159 25.2359
38.5268 25.3355
38.5377 25.4352
38.5485 25.5349
38.5594 25.6346
38.5703 25.7342
38.5812 25.8339
38.592 25.9336
38.6029 26.0333
38.6138 26.1329
38.6247 26.2326
38.6356 26.3323
38.6464 26.432
38.6573 26.5316
38.6682 26.6313
38.6791 26.731
38.69 26.8307
38.7008 26.9303
38.7117 27.03
38.7226 27.1297
38.7335 27.2294
38.7443 27.329
24.3583 72.2775
24.2875 72.2066
24.2167 72.1357
24.1459 72.0647
24.0751 71.9938
24.0043 71.9229
23.9335 71.852
23.8627 71.7811
23.7919 71.7101
23.7211 71.6392
23.6503 71.5683
23.5795 71.4974
23.5087 71.4264
23.4379 71.3555
23.3671 71.2846
23.2963 71.2137
23.2255 71.1428
23.1547 71.0718
23.0839 71.0009
23.0131 70.93
22.9423 70.8591
22.8715 70.7881
22.8007 70.7172
22.7299 70.6463
22.6591 70.5754
22.5884 70.5045
22.5176 70.4335
22.4468 70.3626
22.376 70.2917
22.3052 70.2208
22.2344 70.1499
22.1636 70.0789
22.0928 70.008
22.022 69.9371
21.9512 69.8662
21.8804 69.7952
21.8096 69.7243
21.7388 69.6534
21.668 69.5825
21.5972 69.5116
21.5264 69.4406
21.4556 69.3697
21.3848 69.2988
21.314 69.2279
21.2432 69.157
21.1724 69.086
21.1016 69.0151
21.0308 68.9442
20.96 68.8733
20.8892 68.8023
20.8184 68.7314
20.7476 68.6605
20.6768 68.5896
20.606 68.5187
20.5352 68.4477
20.4644 68.3768
20.3936 68.3059
20.3228 68.235
20.252 68.1641
20.1812 68.0931
20.1104 68.0222
20.0396 67.9513
19.9688 67.8804
19.898 67.8094
19.8272 67.7385
19.7564 67.6676
19.6856 67.5967
19.6148 67.5258
19.544 67.4548
19.4732 67.3839
19.4024 67.313
19.3316 67.2421
19.2608 67.1712
19.19 67.1002
19.1193 67.0293
19.0485 66.9584
18.9777 66.8875
18.9069 66.8165
18.8361 66.7456
18.7653 66.6747
18.6945 66.6038
18.6237 66.5329
18.5529 66.4619
18.4821 66.391
18.4113 66.3201
18.3405 66.2492
18.2697 66.1782
18.1989 66.1073
18.1281 66.0364
18.0573 65.9655
17.9865 65.8946
17.9157 65.8236
17.8449 65.7527
17.7741 65.6818
17.7033 65.6109
17.6325 65.54
17.5617 65.469
17.4909 65.3981
17.4201 65.3272
17.3493 65.2563
17.2785 65.1853
17.2077 65.1144
17.1369 65.0435
17.0661 64.9726
16.9953 64.9017
16.9245 64.8307
16.8537 64.7598
16.7829 64.6889
16.7121 64.618
16.6413 64.5471
16.5705 64.4761
16.4997 64.4052
16.4289 64.3343
16.3581 64.2634
16.2873 64.1924
16.2165 64.1215
16.1457 64.0506
16.0749 63.9797
16.0041 63.9088
15.9333 63.8378
15.8625 63.7669
15.7917 63.696
15.7209 63.6251
15.6502 63.5541
15.5794 63.4832
15.5086 63.4123
15.4378 63.3414
15.367 63.2705
15.2962 63.1995
15.2254 63.1286
15.1546 63.0577
15.0838 62.9868
15.013 62.9159
14.9422 62.8449
14.8714 62.774
14.8006 62.7031
14.7298 62.6322
14.659 62.5612
14.5882 62.4903
14.5174 62.4194
14.4466 62.3485
14.3758 62.2776
14.305 62.2066
14.2342 62.1357
14.1634 62.0648
14.0926 61.9939
14.0218 61.923
13.951 61.852
13.8802 61.7811
13.8094 61.7102
13.7386 61.6393
13.6678 61.5683
13.597 61.4974
13.5262 61.4265
13.4554 61.3556
13.3846 61.2847
13.3138 61.2137
13.243 61.1428
13.1722 61.0719
13.1014 61.001
13.0306 60.93
12.9598 60.8591
12.889 60.7882
12.8182 60.7173
12.7474 60.6464
12.6766 60.5754
12.6058 60.5045
12.535 60.4336
12.4642 60.3627
12.3934 60.2918
12.3226 60.2208
12.2518 60.1499
12.1811 60.079
12.1103 60.0081
12.0395 59.9371
11.9687 59.8662
11.8979 59.7953
11.8271 59.7244
11.7563 59.6535
11.6855 59.5825
11.6147 59.5116
11.5439 59.4407
11.4731 59.3698
11.4023 59.2989
11.3315 59.2279
11.2607 59.157
11.1899 59.0861
11.1191 59.0152
11.0483 58.9442
10.9775 58.8733
10.9067 58.8024
10.8359 58.7315
10.7651 58.6606
10.6943 58.5896
10.6235 58.5187
10.5527 58.4478
10.4819 58.3769
10.4111 58.306
10.3403 58.235
10.2695 58.1641
10.1987 58.0932
10.1279 58.0223
10.0571 57.9513
9.98631 57.8804
9.91552 57.8095
9.84472 57.7386
9.77392 57.6677
9.70312 57.5967
9.63232 57.5258
9.56153 57.4549
9.49073 57.384
9.41993 57.313
9.34913 57.2421
9.27833 57.1712
9.20754 57.1003
9.13674 57.0294
9.06594 56.9584
8.99514 56.8875
8.92434 56.8166
8.85355 56.7457
8.78275 56.6748
8.71195 56.6038
8.64115 56.5329
8.57035 56.462
8.49956 56.3911
8.42876 56.3201
8.35796 56.2492
8.28716 56.1783
8.21637 56.1074
8.14557 56.0365
8.07477 55.9655
8.00397 55.8946
7.93317 55.8237
7.86238 55.7528
7.79158 55.6819
7.72078 55.6109
7.64998 55.54
7.57918 55.4691
7.50838 55.3982
7.43759 55.3272
7.36679 55.2563
7.29599 55.1854
7.22519 55.1145
7.1544 55.0436
7.0836 54.9726
7.0128 54.9017
6.942 54.8308
6.8712 54.7599
6.80041 54.6889
6.72961 54.618
6.65881 54.5471
6.58801 54.4762
6.51721 54.4053
6.44642 54.3343
6.37562 54.2634
6.30482 54.1925
6.23402 54.1216
6.16322 54.0507
6.09243 53.9797
6.02163 53.9088
5.95083 53.8379
5.88003 53.767
5.80923 53.696
5.73844 53.6251
5.66764 53.5542
5.59684 53.4833
5.52604 53.4124
5.45524 53.3414
5.38445 53.2705
5.31365 53.1996
5.24285 53.1287
5.17205 53.0578
5.10126 52.9868
5.03046 52.9159
4.95966 52.845
4.88886 52.7741
4.81806 52.7031
4.74726 52.6322
4.67647 52.5613
4.60567 52.4904
4.53487 52.4195
4.46407 52.3485
4.39327 52.2776
4.32248 52.2067
27.6745 51.9914
27.6022 52.0609
27.5299 52.1304
27.4576 52.1999
27.3853 52.2694
27.313 52.3389
27.2407 52.4084
27.1684 52.4778
27.0961 52.5473
27.0238 52.6168
26.9515 52.6863
26.8792 52.7558
26.807 52.8253
26.7347 52.8948
26.6624 52.9643
26.5901 53.0338
26.5178 53.1033
26.4455 53.1728
26.3732 53.2423
26.3009 53.3118
26.2286 53.3813
26.1563 53.4508
26.084 53.5203
26.0117 53.5898
25.9394 53.6593
25.8671 53.7288
25.7948 53.7982
25.7225 53.8677
25.6502 53.9372
25.5779 54.0067
25.5056 54.0762
25.4333 54.1457
25.3611 54.2152
25.2888 54.2847
25.2165 54.3542
25.1442 54.4237
25.0719 54.4932
24.9996 54.5627
24.9273 54.6322
24.855 54.7017
24.7827 54.7712
24.7104 54.8407
24.6381 54.9102
24.5658 54.9797
24.4935 55.0491
24.4212 55.1186
24.3489 55.1881
24.2766 55.2576
24.2043 55.3271
24.132 55.3966
24.0597 55.4661
23.9874 55.5356
23.9152 55.6051
23.8429 55.6746
23.7706 55.7441
23.6983 55.8136
23.626 55.8831
23.5537 55.9526
23.4814 56.0221
23.4091 56.0916
23.3368 56.1611
23.2645 56.2306
23.1922 56.3001
23.1199 56.3695
23.0476 56.439
22.9753 56.5085
22.903 56.578
22.8307 56.6475
22.7584 56.717
22.6861 56.7865
22.6138 56.856
22.5415 56.9255
22.4693 56.995
22.397 57.0645
22.3247 57.134
22.2524 57.2035
22.1801 57.273
22.1078 57.3425
22.0355 57.412
21.9632 57.4815
21.8909 57.551
21.8186 57.6205
21.7463 57.6899
21.674 57.7594
21.6017 57.8289
21.5294 57.8984
21.4571 57.9679
21.3848 58.0374
21.3125 58.1069
21.2402 58.1764
21.1679 58.2459
21.0956 58.3154
21.0233 58.3849
20.9511 58.4544
20.8788 58.5239
20.8065 58.5934
20.7342 58.6629
20.6619 58.7324
20.5896 58.8019
20.5173 58.8714
20.445 58.9408
20.3727 59.0103
20.3004 59.0798
20.2281 59.1493
20.1558 59.2188
20.0835 59.2883
20.0112 59.3578
19.9389 59.4273
19.8666 59.4968
19.7943 59.5663
19.722 59.6358
19.6497 59.7053
19.5774 59.7748
19.5052 59.8443
19.4329 59.9138
19.3606 59.9833
19.2883 60.0528
19.216 60.1223
19.1437 60.1918
19.0714 60.2612
18.9991 60.3307
18.9268 60.4002
18.8545 60.4697
18.7822 60.5392
18.7099 60.6087
18.6376 60.6782
18.5653 60.7477
18.493 60.8172
18.4207 60.8867
18.3484 60.9562
18.2761 61.0257
18.2038 61.0952
18.1315 61.1647
18.0593 61.2342
17.987 61.3037
17.9147 61.3732
17.8424 61.4427
17.7701 61.5121
17.6978 61.5816
17.6255 61.6511
17.5532 61.7206
17.4809 61.7901
17.4086 61.8596
17.3363 61.9291
17.264 61.9986
17.1917 62.0681
17.1194 62.1376
17.0471 62.2071
16.9748 62.2766
16.9025 62.3461
16.8302 62.4156
16.7579 62.4851
16.6856 62.5546
16.6134 62.6241
16.5411 62.6936
16.4688 62.7631
16.3965 62.8326
16.3242 62.902
16.2519 62.9715
16.1796 63.041
16.1073 63.1105
16.035 63.18
15.9627 63.2495
15.8904 63.319
15.8181 63.3885
15.7458 63.458
15.6735 63.5275
15.6012 63.597
15.5289 63.6665
15.4566 63.736
15.3843 63.8055
15.312 63.875
15.2397 63.9445
15.1675 64.014
15.0952 64.0835
