0 0
-53.8732 0

0.149968 0.00269971
27.3972 55.7248

0.174949 0.00367446
12.7593 45.688

0.199923 0.00479908
3.46197 39.3131

0.374494 0.0168636
-34.95 12.9751

0.399386 0.0191853
-43.2149 7.30813

0.424264 0.0216562
-55.5065 -1.11991

0.573177 0.0396121
25.9464 54.73

0.597929 0.0431254
12.0516 45.2027

0.622659 0.0467872
3.05833 39.0363

0.795094 0.0765643
-35.5401 12.5705

0.81962 0.0814085
-44.1623 6.65847

0.844116 0.0863997
-57.2044 -2.28406

0.990427 0.119425
24.5705 53.7866

1.01469 0.12544
11.3641 44.7313

1.03892 0.131601
2.66186 38.7645

1.20743 0.178781
-36.1249 12.1695

1.23133 0.186098
-45.1223 6.00029

1.25519 0.193557
-58.9753 -3.49838

1.39738 0.241309
23.2577 52.8864

1.42091 0.249764
10.692 44.2705

1.44438 0.25836
2.26941 38.4954

1.58412 0.312879
-29.7993 16.5068

1.60721 0.322453
-36.7061 11.771

1.63025 0.332165
-46.0975 5.33158

1.65323 0.342015
-60.83 -4.77003

1.78981 0.403997
21.9991 52.0235

1.81236 0.414803
10.0319 43.8179

1.83483 0.425745
1.87874 38.2275

1.96829 0.494209
-30.1675 16.2543

1.99029 0.506085
-37.2851 11.374

2.01222 0.518092
-47.0911 4.65028

2.03407 0.530231
-62.7795 -6.10677

2.16364 0.605799
20.7869 51.1923

2.18496 0.618845
9.38071 43.3714

2.20621 0.632018
1.48749 37.9592

2.332 0.713716
-30.5299 16.0059

2.35268 0.72777
-37.8639 10.9771

2.37327 0.741948
-48.1069 3.95385

2.39377 0.75625
-64.8379 -7.51818

2.51497 0.844618
19.6143 50.3883

2.53486 0.859768
8.73536 42.9289

2.55465 0.875037
1.09369 37.6892

2.67147 0.96912
-30.8881 15.7603

2.69061 0.985207
-38.4445 10.579

2.70965 1.00141
-49.1488 3.23943

2.82182 1.10099
35.5574 61.3199

2.84016 1.11798
18.4756 49.6075

2.8584 1.13507
8.09349 42.4888

2.87654 1.15228
0.695272 37.416

2.98317 1.25777
-31.2441 15.5162

3.00057 1.27572
-39.0297 10.1778

3.01786 1.29378
-50.2222 2.50338

3.11931 1.40427
33.3339 59.7954

3.13583 1.42303
17.3656 48.8464

3.15223 1.4419
7.45267 42.0494

3.16853 1.46087
0.290625 37.1386

3.26386 1.57667
-31.6001 15.272

3.27934 1.59631
-39.6221 9.77162

3.29471 1.61603
-51.3328 1.74189

3.38437 1.73629
31.2309 58.3534

3.3989 1.75664
16.2802 48.1022

3.41329 1.77708
6.81114 41.6095

3.42757 1.79761
-0.121961 36.8557

3.51063 1.92243
-31.9585 15.0263

3.52403 1.94353
-40.2248 9.35836

3.53731 1.96472
-52.4877 0.95001

3.61427 2.09346
29.2338 56.9841

3.62664 2.11518
15.2157 47.3723

3.63889 2.13698
6.16708 41.1679

3.7209 2.29156
-32.3215 14.7774

3.73208 2.31392
-40.8412 8.93571

3.74313 2.33634
-53.6942 0.122786

3.80658 2.47225
27.3298 55.6785

3.81668 2.49512
14.1691 46.6547

3.82664 2.51805
5.51926 40.7237

3.89249 2.68018
-32.6923 14.5232

3.90134 2.70356
-41.4756 8.50072

3.91005 2.727
-54.962 -0.746555

3.95933 2.86866
25.5077 54.4292

3.96705 2.89244
13.1376 45.9474

3.97462 2.91627
4.8662 40.2759

4.02362 3.08425
-33.0734 14.2618

4.03004 3.10841
-42.1321 8.05054

4.03632 3.13261
-56.3017 -1.6651

4.07092 3.27856
23.7591 53.2302

4.07617 3.303
12.1192 45.2491

4.08128 3.32747
4.20707 39.824

4.11292 3.49958
-33.4681 13.9912

4.11685 3.52427
-42.8157 7.5818

4.12063 3.54898
-57.7255 -2.64139

4.14019 3.69769
22.0763 52.0764

4.14293 3.72254
11.1121 44.5585

4.14552 3.74741
3.54109 39.3673

4.15947 3.92184
-33.8798 13.7089

4.16086 3.9468
-43.5319 7.09078

4.16211 3.97177
-59.2477 -3.68513

4.16608 4.0967
37.897 62.9242

4.16642 4.1217
20.4531 50.9634

4.16662 4.1467
10.1149 43.8748

4.16278 4.34664
-34.3118 13.4127

4.16162 4.37162
-44.2863 6.57346

4.16032 4.39658
-60.8863 -4.80869

4.15155 4.52127
34.9796 60.9238

4.14935 4.54617
18.8843 49.8877

4.147 4.57106
9.12655 43.1971

4.12282 4.76958
-34.7683 13.0997

4.11912 4.7943
-45.0865 6.02483

4.11528 4.81901
-62.6614 -6.02578

4.09387 4.94215
32.2504 59.0525

4.08914 4.9667
17.3649 48.8459

4.08426 4.99122
8.14598 42.5248

4.04 5.18624
-35.2533 12.7672

4.03381 5.21046
-45.9397 5.43979

4.02747 5.23465
-64.5971 -7.35306

3.99362 5.35497
29.6875 57.2952

3.98642 5.37891
15.8915 47.8356

3.97908 5.40281
7.17271 41.8574

3.91518 5.59231
-35.7713 12.412

3.90656 5.61578
-46.8547 4.81242

3.85187 5.75544
27.274 55.6403

3.84227 5.77852
14.4608 46.8546

3.83253 5.80155
6.20646 41.1949

3.74967 5.98355
-36.327 12.031

3.7387 6.00602
-47.8409 4.13623

3.67008 6.13939
24.9954 54.0779

3.65818 6.16137
13.0704 45.9013

3.54519 6.35591
-36.9259 11.6203

3.53199 6.37714
-48.9096 3.40342

3.45014 6.50283
22.8393 52.5996

3.43606 6.52349
11.7179 44.974

3.30385 6.7055
-37.5728 11.1767

3.28856 6.72528
-50.0736 2.60533

3.21033 6.82277
39.2723 63.8672

3.19434 6.84198
20.7946 51.1976

3.17823 6.8611
10.4017 44.0714

3.02817 7.02871
-38.2749 10.6953

3.01094 7.04683
-51.3472 1.732

2.9232 7.13585
35.7131 61.4268

2.90533 7.15333
18.8527 49.866

2.88736 7.17071
9.12011 43.1927

2.72101 7.32217
-39.039 10.1714

2.70203 7.33844
-52.7474 0.77193

2.60568 7.41806
32.4485 59.1883

2.58612 7.43364
17.0053 48.5994

2.56647 7.44909
7.8721 42.337

2.38557 7.58283
-39.8715 9.60056

2.36503 7.59708
-54.2936 -0.288247

2.26107 7.66648
29.4435 57.1278

2.24003 7.67998
15.247 47.3937

2.02533 7.80798
-40.7809 8.977

2.00345 7.82006
-56.0086 -1.46418

1.89296 7.87851
26.6689 55.2254

1.87066 7.8898
13.5714 46.2449

1.64404 7.99527
-41.7762 8.29457

1.62104 8.00507
-57.9195 -2.77438

1.50518 8.05197
24.0998 53.4638

1.48184 8.06093
11.9738 45.1494

1.2695 8.13523
-33.2405 14.1473

1.24566 8.14277
-42.8673 7.54647

1.22178 8.15018
-60.0593 -4.24159

1.10175 8.18503
21.7169 51.83

1.07762 8.19157
10.4498 44.1045

0.858812 8.24387
-34.0482 13.5935

0.834334 8.24895
-44.0652 6.72506

0.809828 8.25388
-62.4648 -5.89102

0.711511 8.27213
39.3431 63.9158

0.686866 8.27633
19.5022 50.3114

0.662196 8.28038
8.99574 43.1074

0.439203 8.31012
-34.9238 12.9931

0.414334 8.31268
-45.3826 5.82177

0.38945 8.31509
-65.1842 -7.75561

0.289787 8.32325
35.4563 61.2506

0.264843 8.32491
17.4405 48.8978

0.0150249 8.33331
-35.8728 12.3424

-0.0099742 8.33332
-46.8342 4.82648

-0.134949 8.33115
31.972 58.8616

-0.159932 8.33026
15.5191 47.5803

-0.409307 8.31318
-36.9012 11.6373

-0.434177 8.31065
-48.435 3.72885

-0.558281 8.29576
28.8349 56.7105

-0.583046 8.29234
13.7266 46.3512

-0.829384 8.24995
-38.0153 10.8733

-0.85387 8.2449
-50.2042 2.51575

-0.975812 8.21746
26.0004 54.7671

-1.0001 8.21153
12.0532 45.2038

-1.24084 8.14428
-39.2227 10.0455

-1.26468 8.13677
-52.1634 1.17237

-1.3832 8.09705
23.432 53.0059

-1.40675 8.08868
10.4903 44.1322

-1.6394 7.99727
-40.5303 9.14889

-1.66235 7.98736
-54.3379 -0.318609

-1.77621 7.93578
21.0987 51.4061

-1.79879 7.92505
9.02984 43.1308

-2.02092 7.81043
-41.947 8.17748

-2.04274 7.79824
-56.7574 -1.9776

-2.15075 7.73533
18.9746 49.9496

-2.17213 7.72236
7.66569 42.1954

-2.38143 7.58572
-43.4824 7.12468

-2.4019 7.57137
-59.4575 -3.82896

-2.48291 7.51275
37.8684 62.9046

-2.50294 7.49779
17.037 48.6211

-2.71718 7.32547
-45.1473 5.98309

-2.73609 7.30911
-62.4819 -5.9027

-2.81071 7.24254
34.332 60.4798

-2.82911 7.22562
15.268 47.4082

-3.0247 7.03238
-46.9539 4.74439

-3.04184 7.01418
-65.8806 -8.23312

-3.10929 6.94037
31.2151 58.3426

-3.12588 6.92166
13.6507 46.2992

-3.28545 6.72927
-38.2447 10.7161

-3.30077 6.70951
-48.916 3.39905

-3.31597 6.68966
-69.7188 -10.8648

-3.37556 6.60936
28.4547 56.4499

-3.39015 6.58906
12.1705 45.2843

-3.5293 6.38142
-39.6461 9.75512

-3.54253 6.3602
-51.0501 1.93573

-3.60673 6.25296
26 54.7667

-3.61918 6.23128
10.8149 44.3548

-3.73647 6.01055
-41.1335 8.73526

-3.74747 5.9881
-53.3736 0.342581

-3.80041 5.87487
23.8121 53.2666

-3.81059 5.85204
9.57427 43.5041

-3.9048 5.62051
-42.7065 7.65666

-3.91345 5.59705
-55.8968 -1.38752

-3.95459 5.47903
21.8616 51.9292

-3.9624 5.45528
8.44251 42.7281

-4.03254 5.21536
-44.3745 6.513

-4.03876 5.19115
-58.6529 -3.2773

-4.06767 5.06954
20.1093 50.7276

-4.07301 5.04512
7.40369 42.0158

-4.11836 4.79931
-46.1464 5.29809

-4.12208 4.77459
-61.6745 -5.34908

-4.13846 4.65068
18.5318 49.6461

-4.14129 4.62584
6.45133 41.3628

-4.16137 4.37668
-48.0279 4.00796

-4.16256 4.35171
-64.9953 -7.62606

-4.16623 4.22677
17.1058 48.6683

-4.16652 4.20178
5.57658 40.763

-4.16234 3.97684
-39.8242 9.63304

-4.16113 3.95187
-50.0297 2.63539

-4.15976 3.92691
-68.6558 -10.136

-4.1507 3.80225
15.8156 47.7836

-4.14844 3.77735
4.7742 40.2128

-4.12138 3.55402
-41.2279 8.67054

-4.11763 3.5293
-52.1607 1.17421

-4.09666 3.40608
34.2183 60.4018

-4.09202 3.38151
14.6431 46.9796

-4.08724 3.35697
4.03655 39.707

-4.03758 3.13756
-42.6872 7.66995

-4.03133 3.11335
-54.4313 -0.382625

-3.99792 2.9929
31.9091 58.8184

-3.99081 2.96894
13.5768 46.2486

-3.98355 2.94501
3.35863 39.2422

-3.91181 2.73179
-44.2039 6.62997

-3.90313 2.70835
-56.8571 -2.04594

-3.85763 2.59193
29.845 57.4031

-3.84811 2.56881
12.6026 45.5805

-3.83846 2.54575
2.73576 38.8151

-3.74538 2.34094
-45.7802 5.54916

-3.73435 2.3185
-59.4513 -3.82472

-3.67724 2.20732
27.9927 56.1331

-3.66541 2.18529
11.7106 44.9689

-3.65346 2.16334
2.16163 38.4215

-3.55313 1.99035
-38.4232 10.5936

-3.54001 1.96907
-47.4211 4.42403

-3.52676 1.94787
-62.2353 -5.73361

-3.45862 1.84308
26.3176 54.9845

-3.44462 1.82237
10.8923 44.4078

-3.43049 1.80175
1.63285 38.0589

-3.31307 1.63987
-39.5685 9.80837

-3.29785 1.62004
-49.129 3.253

-3.28251 1.6003
-65.2279 -7.78556

-3.20405 1.503
24.7973 53.9421

-3.18802 1.48382
10.137 43.89

-3.17186 1.46474
1.14377 37.7236

-3.03857 1.31566
-40.7347 9.00872

-3.02141 1.29749
-50.9104 2.03154

-3.00414 1.27941
-68.4589 -10.001

-2.91618 1.1906
23.4066 52.9885

-2.89827 1.17315
9.439 43.4114

-2.88026 1.15582
0.691469 37.4134

-2.73248 1.02109
-41.9219 8.19465

-2.71356 1.00475
-52.7689 0.757198

-2.598 0.909135
22.1286 52.1122

-2.57841 0.893606
8.78937 42.9659

-2.55872 0.878195
0.270818 37.125

-2.41839 0.773661
-35.3757 12.6832

-2.39799 0.759213
-43.1326 7.36454

-2.3775 0.744885
-54.7133 -0.576005

-2.25281 0.661533
20.9487 51.3032

-2.23174 0.648078
8.18349 42.5505

-2.21059 0.634752
-0.121292 36.8561

-2.06034 0.545051
-36.2133 12.1089

-2.03858 0.532755
-44.3664 6.51854

-2.01674 0.520588
-56.7502 -1.97267

-1.8842 0.450365
19.8505 50.5502

-1.86187 0.439128
7.61388 42.1599

-1.83947 0.428022
-0.487827 36.6048

-1.68087 0.354085
-37.05 11.5352

-1.65797 0.34407
-45.6266 5.6545

-1.635 0.334191
-58.8874 -3.43811

-1.49601 0.277827
18.8246 49.8468

-1.47265 0.268922
7.07687 41.7917

-1.44924 0.260156
-0.833286 36.368

-1.28394 0.202752
-37.8854 10.9624

-1.26013 0.195119
-46.9134 4.77217

-1.23628 0.187631
-61.1386 -4.98163

-1.09226 0.145712
17.8582 49.1841

-1.06812 0.139232
6.56604 41.4414

-1.04394 0.132895
-1.15974 36.1441

-0.873652 0.0926214
-38.7214 10.3892

-0.849189 0.0874524
-48.231 3.86871

-0.824701 0.0824312
-63.5135 -6.61004

-0.677169 0.0553951
16.9447 48.5578

-0.652487 0.0514058
6.07774 41.1066

-0.627787 0.0475655
-1.47132 35.9305

-0.479124 0.0276389
-32.4039 14.7209

-0.454283 0.0248387
-39.5572 9.81608

-0.429424 0.0221876
-49.5816 2.94266

-0.404549 0.0196857
-66.0308 -8.33607

-0.27998 0.00941729
33.5914 59.9719

-0.255033 0.00781243
16.0738 47.9606

-0.230073 0.00635683
5.6086 40.785

-0.205109 0.00505149
-1.76982 35.7258

-0.0551935 0.000365575
-32.9569 14.3417

-0.0301927 0.000109275
-40.3953 9.24142

-0.0051968 3.22859e-06
-50.9675 1.99236

0.0198053 4.7187e-05
-68.7054 -10.17

0.144775 0.00251606
31.7571 58.7143

0.169755 0.00345955
15.2397 47.3887

0.194732 0.00455305
5.15345 40.4729

0.219701 0.0057963
-2.05907 35.5275

0.369313 0.0163992
-33.4999 13.9694

0.39421 0.01869
-41.2355 8.66532

0.419088 0.0211298
-52.3952 1.01346

0.568021 0.0388992
30.0372 57.535

0.592779 0.0423821
14.4373 46.8385

0.617511 0.0460123
4.71023 40.169

0.642225 0.049792
-2.34114 35.334

0.789982 0.075574
-34.0349 13.6026

0.814514 0.0803875
-42.0808 8.08577

0.839019 0.0853484
-53.8673 0.00407127

0.985365 0.11819
28.4166 56.4238

1.00964 0.124175
13.6591 46.305

1.03387 0.130305
4.27447 39.8702

1.05807 0.136581
-2.618 35.1442

1.20244 0.177274
-34.5619 13.2412

1.22635 0.18456
-42.9322 7.50198

1.25022 0.19199
-55.3922 -1.04151

1.39247 0.239563
26.8825 55.3719

1.41601 0.247988
12.9023 45.7861

1.43949 0.256554
3.84457 39.5754

1.6024 0.320443
-35.0835 12.8835

1.62544 0.330126
-43.7911 6.91305

1.64843 0.339947
-56.9744 -2.12637

1.7851 0.401757
25.4197 54.3688

1.80765 0.412534
12.1609 45.2777

1.83014 0.423448
3.41663 39.282

1.96368 0.491743
-28.8549 17.1543

1.9857 0.503591
-35.6008 12.5289

2.00764 0.515572
-44.6617 6.31608

2.02951 0.527681
-58.6248 -3.25805

2.15917 0.603086
24.0207 53.4096

2.18051 0.616104
11.4329 44.7785

2.20177 0.629251
2.9889 38.9887

2.32766 0.710788
-29.1823 16.9299

2.34835 0.724815
-36.1148 12.1764

2.36896 0.738968
-45.5453 5.71021

2.38949 0.753244
-60.3521 -4.44241

2.51079 0.841457
22.6741 52.4863

2.5307 0.85658
10.7134 44.2852

2.55051 0.871823
2.55975 38.6945

2.66745 0.965757
-29.505 16.7086

2.68661 0.981818
-36.6289 11.8239

2.70567 0.997995
-46.4472 5.09178

2.72463 1.01428
-62.1663 -5.68629

2.83632 1.11439
21.375 51.5956

2.85459 1.13146
10.0003 43.7962

2.87275 1.14865
2.12605 38.3971

2.97951 1.254
-29.8244 16.4896

2.99693 1.27193
-37.144 11.4708

3.01424 1.28996
-47.3696 4.45936

3.03145 1.3081
-64.0843 -7.00144

3.13237 1.41905
20.1147 50.7314

3.1488 1.4379
9.29204 43.3106

3.16512 1.45684
1.68716 38.0961

3.26059 1.57251
-30.1437 16.2707

3.2761 1.59212
-37.6639 11.1142

3.29149 1.61183
-48.319 3.80838

3.38131 1.73195
35.8354 61.5106

3.39586 1.75228
18.889 49.8909

3.41028 1.77269
8.58487 42.8257

3.42458 1.7932
1.24037 37.7898

3.50779 1.91799
-30.4641 16.051

3.52122 1.93908
-38.1903 10.7533

3.53452 1.96025
-49.2998 3.13583

3.61164 2.08889
33.5002 59.9094

3.62404 2.1106
17.6942 49.0717

3.63632 2.13238
7.87842 42.3413

3.64845 2.15423
0.785358 37.4778

3.71852 2.28685
-30.789 15.8282

3.72973 2.30919
-38.7276 10.3849

3.74081 2.33161
-50.3171 2.43833

3.80443 2.46743
31.2929 58.3959

3.81456 2.49029
16.5245 48.2697

3.82455 2.51321
7.16978 41.8554

3.8906 2.67525
-31.1199 15.6013

3.89948 2.69862
-39.2786 10.0071

3.90822 2.72204
-51.3802 1.70939

3.95768 2.86364
29.1952 56.9576

3.96543 2.88741
15.3785 47.4839

3.97303 2.91122
6.45896 41.368

4.02224 3.07915
-31.4607 15.3676

4.02869 3.1033
-39.8463 9.61786

4.035 3.12749
-52.4948 0.945131

4.06979 3.27339
27.1963 55.587

4.07507 3.29782
14.2517 46.7113

4.08021 3.32229
5.74367 40.8776

4.11207 3.49435
-31.8138 15.1255

4.11603 3.51904
-40.4367 9.21307

4.11984 3.54375
-53.673 0.13731

4.13959 3.69244
25.2869 54.2778

4.14236 3.71729
13.1426 45.9508

4.14498 3.74215
5.0237 40.3839

4.15915 3.91658
-32.1822 14.8729

4.16058 3.94154
-41.0535 8.7901

4.16186 3.96651
-54.9243 -0.720659

4.16636 4.11644
23.4555 53.0221

4.16659 4.14144
12.0495 45.2013

4.16667 4.16644
4.29843 39.8866

4.163 4.3414
-32.5693 14.6075

4.16188 4.36638
-41.7021 8.34537

4.1606 4.39135
-56.2614 -1.6375

4.14982 4.54096
21.6949 51.8149

4.1475 4.56585
10.9709 44.4617

4.12357 4.76441
-32.9787 14.3268

4.11991 4.78914
-42.3883 7.87491

4.1161 4.81385
-57.6992 -2.62334

4.09483 4.93703
37.0453 62.3402

4.09014 4.96159
20.0012 50.6535

4.08529 4.98611
9.90548 43.7312

4.04127 5.1812
-33.414 14.0283

4.0351 5.20544
-43.1183 7.37432

4.0288 5.22963
-59.2549 -3.69008

3.9951 5.35
34.0735 60.3026

3.98793 5.37395
18.3677 49.5335

3.98061 5.39786
8.85248 43.0092

3.91695 5.58745
-33.8793 13.7093

3.90835 5.61092
-43.8995 6.83871

3.89962 5.63435
-60.9492 -4.85176

3.85383 5.75067
31.2967 58.3986

3.84426 5.77376
16.7901 48.4518

3.83455 5.7968
7.81123 42.2952

3.75191 5.97892
-34.3789 13.3667

3.74097 6.0014
-44.7407 6.26189

3.72989 6.02382
-62.8061 -6.12504

3.6725 6.13487
28.6985 56.617

3.66063 6.15687
15.2646 47.4058

3.64862 6.1788
6.78075 41.5887

3.54787 6.35156
-34.918 12.997

3.53469 6.37281
-45.6478 5.63995

3.52139 6.39398
-64.8573 -7.53145

3.45299 6.49861
26.2548 54.9415

3.43894 6.51928
13.7888 46.3939

3.30694 6.70148
-35.4995 12.5983

3.29167 6.72127
-46.6351 4.96299

3.19759 6.8381
23.9563 53.3654

3.1815 6.85724
12.3577 45.4126

3.03163 7.02504
-36.1315 12.165

3.01442 7.04319
-47.7094 4.22638

2.92678 7.13231
41.5848 65.4528

2.90893 7.14982
21.7851 51.8768

2.89098 7.16722
10.9707 44.4616

2.7248 7.3189
-36.8167 11.6951

2.70584 7.33519
-48.8884 3.41796

2.60958 7.41493
37.7312 62.8105

2.59004 7.43053
19.7331 50.4697

2.57041 7.44601
9.62733 43.5405

2.38965 7.57998
-37.5644 11.1825

2.36913 7.59425
-50.1818 2.53111

2.26524 7.66378
34.2244 60.406

2.24422 7.67731
17.7929 49.1394

2.22311 7.69071
8.32336 42.6464

2.02965 7.80557
-38.3781 10.6246

2.00778 7.81768
-51.6119 1.5505

1.89736 7.87627
31.0135 58.2043

1.87507 7.88759
15.9524 47.8774

1.64856 7.99333
-39.2684 10.0141

1.62556 8.00316
-53.1928 0.466554

1.50975 8.05019
28.0702 56.1862

1.48642 8.05918
14.2085 46.6817

1.25032 8.14131
-40.2399 9.34798

1.22645 8.14874
-54.9534 -0.74064

1.10644 8.18374
25.3585 54.3269

1.08232 8.19031
12.5518 45.5457

0.839086 8.24797
-41.305 8.61766

0.814582 8.25293
-56.9143 -2.0852

0.691639 8.27553
22.8572 52.6119

0.666971 8.2796
10.9802 44.4681

0.419125 8.3122
-42.4699 7.81892

0.394246 8.31464
-59.1148 -3.59396

0.269642 8.3246
20.5476 51.0282

0.244683 8.32614
9.48616 43.4437

-0.00518968 8.33333
-43.7494 6.94163

-0.0301916 8.33322
-61.59 -5.29116

-0.130179 8.3313
37.993 62.99

-0.155163 8.33044
18.4068 49.5603

-0.180145 8.32944
8.06839 42.4716

-0.42945 8.31114
-45.1518 5.98006

-0.454312 8.30849
-64.3824 -7.20582

-0.55358 8.2964
34.2545 60.4266

-0.57835 8.293
16.4241 48.2008

-0.824758 8.25089
-35.9877 12.2636

-0.849251 8.24587
-46.6952 4.92175

-0.873712 8.2407
-67.5584 -9.38355

-0.971233 8.21856
30.9169 58.1381

-0.995529 8.21266
14.5818 46.9377

-1.23636 8.14568
-37.0982 11.5021

-1.26022 8.13819
-48.3937 3.75718

-1.37878 8.09859
27.9182 56.082

-1.40235 8.09025
12.8725 45.7656

-1.63511 7.9991
-38.2946 10.6818

-1.65808 7.98921
-50.2628 2.47559

-1.772 7.93776
25.2213 54.2328

-1.7946 7.92706
11.2821 44.6751

-2.01687 7.81267
-39.5863 9.79616

-2.03871 7.8005
-52.3288 1.05898

-2.1468 7.73771
22.783 52.5609

-2.16819 7.72477
9.80507 43.6624

-2.37766 7.58834
-40.9791 8.84114

-2.39814 7.57401
-54.611 -0.505855

-2.49928 7.50054
20.5785 51.0494

-2.51924 7.48548
8.4301 42.7196

-2.71373 7.32844
-42.4794 7.81244

-2.73265 7.3121
-57.1444 -2.24296

-2.82577 7.22871
18.5763 49.6766

-2.8441 7.2117
7.15304 41.8439

-3.02158 7.03566
-44.0995 6.70159

-3.03874 7.01749
-59.9573 -4.17166

-3.10628 6.94373
37.9875 62.9862

-3.12289 6.92505
16.7594 48.4307

-3.13938 6.90626
5.9644 41.0289

-3.29802 6.71307
-45.8458 5.50417

-3.31324 6.69323
-63.0983 -6.32538

-3.37292 6.61299
34.5996 60.6632

-3.38754 6.59271
15.1038 47.2955

-3.54018 6.364
-47.7337 4.20971

-3.5533 6.34271
-66.6103 -8.73345

-3.6045 6.25681
31.6148 58.6166

-3.61698 6.23514
13.5974 46.2627

-3.73451 6.01452
-39.0484 10.165

-3.74553 5.99208
-49.772 2.81209

-3.75641 5.96958
-70.5641 -11.4445

-3.7986 5.8789
28.98 56.8101

-3.8088 5.85608
12.2216 45.3193

-3.90326 5.62463
-40.4927 9.17467

-3.91194 5.60118
-51.9802 1.29803

-3.95321 5.48319
26.6366 55.2032

-3.96104 5.45945
10.9656 44.4581

-4.03144 5.21959
-42.0189 8.12817

-4.03768 5.19538
-54.3707 -0.341095

-4.06672 5.0738
24.5506 53.7729

-4.07209 5.04938
9.81993 43.6726

-4.1177 4.8036
-43.6288 7.02429

-4.12145 4.77888
-56.9691 -2.12272

-4.13795 4.65497
22.6807 52.4908

-4.14081 4.63013
8.77077 42.9532

-4.16115 4.38098
-45.3309 5.85722

-4.16236 4.35601
-59.7935 -4.05933

-4.16617 4.23106
21.0015 51.3395

-4.16648 4.20606
7.81249 42.2961

-4.16134 3.95614
-47.1278 4.62516

-4.16001 3.93118
-62.8783 -6.17453

-4.15107 3.80649
19.4914 50.304

-4.14883 3.78159
6.93347 41.6934

-4.122 3.55821
-39.2847 10.0029

-4.11828 3.53349
-49.03 3.32089

-4.1144 3.50879
-66.2547 -8.4896

-4.09282 3.38566
18.1238 49.3663

-4.08806 3.36112
6.12942 41.1421

-4.03861 3.14163
-40.627 9.08258

-4.03239 3.11741
-51.0415 1.94165

-4.02602 3.09324
-69.9591 -11.0296

-3.99201 2.97295
16.8859 48.5175

-3.98478 2.94902
5.39036 40.6353

-3.91324 2.73571
-42.0135 8.13189

-3.90459 2.71226
-53.1757 0.478287

-3.84971 2.57266
15.7572 47.7436

-3.84007 2.54958
4.71297 40.1709

-3.74719 2.34467
-43.4489 7.14767

-3.73619 2.32221
-55.4387 -1.07341

-3.67918 2.21097
33.9143 60.1934

-3.66738 2.18893
14.7288 47.0384

-3.65544 2.16696
4.08848 39.7427

-3.54217 1.97256
-44.9324 6.13044

-3.52895 1.95134
-57.8479 -2.72535

-3.4609 1.84648
31.8203 58.7576

-3.44692 1.82576
13.7841 46.3906

-3.43282 1.80512
3.5143 39.349

-3.31554 1.64312
-37.7885 11.0289

-3.30034 1.62327
-46.4699 5.07625

-3.28502 1.60351
-60.4157 -4.48599

-3.20665 1.50613
29.9278 57.4599

-3.19063 1.48693
12.9168 45.796

-3.17449 1.46783
2.98263 38.9844

-3.04134 1.31862
-38.8603 10.2939

-3.02419 1.30042
-48.0629 3.98399

-3.00694 1.28232
-63.1561 -6.36499

-2.91906 1.19342
28.2138 56.2847

-2.90117 1.17596
12.1133 45.2451

-2.88317 1.15861
2.49144 38.6476

-2.73551 1.02372
-39.9456 9.5498

-2.7166 1.00736
-49.7131 2.85249

-2.6976 0.991122
-66.0961 -8.38087

-2.60113 0.911631
26.6449 55.209

-2.58155 0.896084
11.3693 44.7349

-2.56188 0.88065
2.03369 38.3338

-2.40125 0.761506
-41.0472 8.79447

-2.38077 0.747159
-51.4287 1.67613

-2.36021 0.732935
-69.2534 -10.5458

-2.25614 0.663678
25.2063 54.2225

-2.23508 0.650203
10.6732 44.2576

-2.21394 0.636855
1.60656 38.0409

-2.04202 0.534688
-42.1632 8.02924

-2.02019 0.5225
-53.2109 0.45417

-1.88771 0.452146
23.8729 53.3083

-1.86539 0.440888
10.022 43.8111

-1.843 0.429761
1.20735 37.7671

-1.68446 0.355667
-35.3901 12.6734

-1.66156 0.345628
-43.2975 7.25149

-1.6386 0.335729
-55.07 -0.820596

-1.49965 0.279232
22.6351 52.4596

-1.4763 0.270302
9.40592 43.3887

-1.45289 0.261514
0.829948 37.5084

-1.28763 0.203952
-36.1543 12.1493

-1.26383 0.196297
-44.45 6.46125

-1.23999 0.188785
-57.0087 -2.14988

-1.096 0.146729
21.4737 51.6632

-1.07186 0.140225
8.82126 42.9878

-1.04768 0.133866
0.473281 37.2638

-0.877417 0.0934308
-36.9148 11.6279

-0.85296 0.0882392
-45.6206 5.65856

-0.828472 0.0831944
-59.0405 -3.54307

-0.680957 0.0560209
20.3823 50.9149

-0.656279 0.0520088
8.2645 42.606

-0.631577 0.0481449
0.131724 37.0296

-0.458078 0.0252567
-37.6709 11.1095

-0.433223 0.0225832
-46.8148 4.83973

-0.408353 0.0200585
-61.1702 -5.00336

-0.25883 0.00804688
19.3459 50.2042

-0.233871 0.00656868
7.72786 42.2381

-0.208905 0.00524024
-0.195488 36.8053

-0.0339847 0.000138581
-38.4258 10.5919

-0.00898294 9.68576e-06
-48.0315 4.00547

0.0160192 3.07957e-05
-63.416 -6.54316

0.165988 0.00330756
18.3581 49.5269

0.190963 0.00437846
7.21026 41.8832

0.215932 0.00559886
-0.513547 36.5872

0.365571 0.0160679
-31.9522 15.0306

0.39047 0.0183364
-39.1779 10.0762

0.415355 0.0207541
-49.2775 3.15117

0.440221 0.0233206
-65.7856 -8.16794

0.589073 0.0418509
17.4136 48.8793

0.613813 0.04546
6.7049 41.5367

0.638531 0.0492173
-0.822957 36.375

0.786326 0.0748699
-32.4376 14.6978

0.810861 0.0796611
-39.9313 9.55961

0.835367 0.0845994
-50.5523 2.27708

0.85985 0.0896864
-68.3035 -9.89441

0.981761 0.117314
33.4204 59.8547

1.00604 0.123277
16.5013 48.2538

1.03029 0.129388
6.21125 41.1982

1.05449 0.135641
-1.1285 36.1655

1.1989 0.176209
-32.9142 14.371

1.22282 0.183475
-40.6846 9.04308

1.2467 0.190884
-51.8644 1.3774

1.389 0.238336
31.5476 58.5706

1.41255 0.24674
15.6196 47.6492

1.43604 0.255285
5.72335 40.8636

1.45949 0.263974
-1.43045 35.9585

1.59901 0.319035
-33.3824 14.05

1.62207 0.3287
-41.4426 8.52331

1.64507 0.338501
-53.2144 0.451732

1.7818 0.400195
29.7826 57.3604

1.80437 0.410955
14.7593 47.0594

1.82687 0.421849
5.24111 40.533

1.84931 0.432879
-1.7332 35.7509

1.98251 0.501863
-33.8458 13.7323

2.00446 0.513823
-42.2045 8.00093

2.02634 0.525919
-54.613 -0.507247

2.15607 0.601213
28.1041 56.2095

2.17743 0.614216
13.92 46.4838

2.19871 0.627344
4.75929 40.2026

2.2199 0.640599
-2.03682 35.5427

2.34538 0.72279
-34.3038 13.4182

2.36601 0.736926
-42.9758 7.47203

2.38654 0.751184
-56.0622 -1.50089

2.50794 0.8393
26.5061 55.1138

2.52785 0.854406
13.094 45.9175

2.54769 0.869636
4.27818 39.8727

2.68388 0.979523
-34.7608 13.1048

2.70296 0.995682
-43.7563 6.9369

2.72193 1.01196
-57.5755 -2.53852

2.83372 1.11198
24.9724 54.0621

2.852 1.12904
12.2814 45.3603

2.87018 1.1462
3.79319 39.5402

2.97704 1.25147
-28.3376 17.5091

2.99447 1.26938
-35.2164 12.7924

3.01181 1.28741
-44.5526 6.39087

3.02903 1.30553
-59.1601 -3.62503

3.13005 1.41641
23.4996 53.0523

3.1465 1.43524
11.4762 44.8082

3.16283 1.45417
3.3049 39.2054

3.25841 1.56977
-28.6262 17.3111

3.27394 1.58937
-35.6756 12.4776

3.28934 1.60906
-45.3651 5.8338

3.30463 1.62885
-60.8241 -4.76601

3.39383 1.74944
22.0751 52.0756

3.40828 1.76985
10.6789 44.2615

3.4226 1.79034
2.80933 38.8656

3.50592 1.91508
-28.9173 17.1116

3.51936 1.93615
-36.1383 12.1603

3.53268 1.95731
-46.2018 5.2601

3.54588 1.97855
-62.5877 -5.97523

3.62234 2.1076
20.6976 51.131

3.63463 2.12937
9.88429 43.7167

3.64679 2.15122
2.30623 38.5206

3.71697 2.28378
-29.2109 16.9102

3.7282 2.30612
-36.6102 11.8368

3.7393 2.32852
-47.0637 4.66907

3.75026 2.351
-64.4599 -7.25895

3.80304 2.46431
36.3018 61.8304

3.81318 2.48716
19.357 50.2119

3.82319 2.51007
9.09362 43.1745

3.83306 2.53304
1.79541 38.1704

3.88938 2.67207
-29.5118 16.7039

3.89828 2.69543
-37.0916 11.5067

3.90704 2.71885
-47.9608 4.05399

3.95662 2.86042
33.8079 60.1204

3.96439 2.88419
18.0533 49.3179

3.97201 2.90799
8.30253 42.6321

4.02136 3.07589
-29.8203 16.4924

4.02783 3.10004
-37.5888 11.1658

4.03416 3.12423
-48.8974 3.41177

4.06907 3.27011
31.4569 58.5084

4.07437 3.29454
16.7785 48.4438

4.07953 3.31901
7.51123 42.0895

4.11153 3.49106
-30.1414 16.2722

4.11551 3.51574
-38.1042 10.8123

4.11934 3.54045
-49.8785 2.73904

4.13921 3.68912
29.2263 56.979

4.142 3.71396
15.5332 47.59

4.14464 3.73883
6.71997 41.547

4.15895 3.91324
-30.4759 16.0429

4.1604 3.9382
-38.6405 10.4446

4.16169 3.96317
-50.9174 2.0267

4.16632 4.1131
27.1089 55.5271

4.16657 4.1381
14.3114 46.7522

4.16666 4.1631
5.9255 41.0023

4.16314 4.33806
-30.829 15.8008

4.16204 4.36304
-39.2053 10.0574

4.16078 4.38801
-52.0187 1.27157

4.15012 4.53763
25.088 54.1414

4.14782 4.56253
13.1126 45.9302

4.14537 4.58741
5.12968 40.4566

4.12405 4.7611
-31.2017 15.5452

4.1204 4.78584
-39.8003 9.64939

4.11662 4.81055
-53.1989 0.462356

4.09077 4.9583
23.1593 52.8189

4.08595 4.98284
11.9365 45.1238

4.04208 5.17796
-31.5998 15.2723

4.03594 5.20219
-40.4344 9.21459

4.02965 5.2264
-54.4653 -0.405937

3.99605 5.3468
39.5956 64.0888

3.9889 5.37075
21.31 51.551

3.9816 5.39467
10.7787 44.33

3.91809 5.58431
-32.0257 14.9802

3.90951 5.60779
-41.1103 8.75121

3.90079 5.63122
-55.8387 -1.34765

3.8551 5.74758
36.307 61.8339

3.84555 5.77068
19.536 50.3346

3.83586 5.79372
9.64108 43.5499

3.75336 5.97592
-32.4821 14.6673

3.74244 5.9984
-41.838 8.25222

3.73138 6.02082
-57.3303 -2.37045

3.67408 6.13192
33.261 59.7454

3.66222 6.15393
17.8335 49.1672

3.65024 6.17587
8.52 42.7812

3.54962 6.34871
-32.9754 14.329

3.53646 6.36997
-42.6213 7.71512

3.52318 6.39115
-58.9675 -3.493

3.45486 6.49584
30.4232 57.7996

3.44082 6.51653
16.1936 48.0428

3.42666 6.53713
7.4175 42.0253

3.30897 6.69882
-33.5075 13.9642

3.29372 6.71864
-43.4723 7.13164

3.27835 6.73835
-60.7673 -4.72707

3.19973 6.83554
27.7745 55.9835

3.18366 6.85469
14.616 46.9611

3.03392 7.02261
-34.0856 13.5678

3.01673 7.04076
-44.396 6.49827

2.99943 7.05882
-62.7664 -6.09781

2.91132 7.14749
25.2985 54.2858

2.89339 7.1649
13.0939 45.9174

2.72733 7.31671
-34.7119 13.1383

2.70838 7.33302
-45.4069 5.80511

2.68933 7.34921
-64.9962 -7.6267

2.59265 7.42845
22.9737 52.6917

2.57304 7.44395
11.6274 44.9119

2.39239 7.57806
-35.3944 12.6704

2.37188 7.59235
-46.5122 5.04725

2.26805 7.66196
40.2492 64.537

2.24703 7.67551
20.7914 51.1953

2.22594 7.68893
10.2111 43.9408

2.03258 7.80394
-36.136 12.1619

2.01071 7.81607
-47.7295 4.21256

1.90033 7.87475
36.4253 61.9151

1.87805 7.88608
18.7353 49.7855

1.8557 7.89728
8.84575 43.0046

1.65163 7.99201
-36.9456 11.6068

1.62864 8.00185
-49.0716 3.29235

1.51286 8.04898
32.9515 59.5332

1.48954 8.05799
16.7996 48.4583

1.25351 8.14031
-37.8269 11.0025

1.22964 8.14776
-50.5527 2.27678

1.10967 8.18285
29.7909 57.3661

1.08555 8.18944
14.9717 47.205

0.842357 8.2473
-38.7901 10.3421

0.81786 8.25228
-52.1982 1.14853

0.694935 8.27497
26.8994 55.3834

0.670271 8.27907
13.2478 46.0229

0.422455 8.31186
-39.8417 9.62101

0.397578 8.31432
-54.0252 -0.104234

0.272982 8.32438
24.2527 53.5687

0.248024 8.32594
11.6178 44.9053

-0.00184658 8.33333
-40.9886 8.83462

-0.0268486 8.33325
-56.0672 -1.50438

-0.151826 8.33057
21.819 51.9

-0.176805 8.32958
10.0791 43.8502

-0.426125 8.31149
-42.2439 7.97388

-0.450984 8.30886
-58.3498 -3.06942

-0.575039 8.29346
19.5819 50.366

-0.599788 8.28994
8.62346 42.8522

-0.84597 8.24655
-43.6148 7.03391

-0.87044 8.2414
-60.9185 -4.83075

-0.967974 8.21934
37.0716 62.3582

-0.992278 8.21346
17.5175 48.9506

-1.25703 8.1392
-45.1172 6.00377

-1.28085 8.13158
-63.8125 -6.81505

-1.37563 8.0997
33.4591 59.8813

-1.3992 8.09138
15.6145 47.6457

-1.65501 7.99055
-46.7607 4.87687

-1.67793 7.98055
-67.0976 -9.06754

-1.76898 7.93918
30.2469 57.6787

-1.79157 7.9285
13.8544 46.4389

-2.01394 7.81429
-37.4582 11.2553

-2.03579 7.80214
-48.5653 3.63952

-2.14394 7.73943
27.3718 55.7073

-2.16534 7.7265
12.229 45.3244

-2.37491 7.59025
-38.7395 10.3767

-2.39541 7.57593
-50.5442 2.28261

-2.4966 7.50255
24.7961 53.9413

-2.51657 7.48751
10.7239 44.2924

-2.71118 7.33062
-40.113 9.43498

-2.73012 7.31429
-52.7233 0.78848

-2.82331 7.23098
22.4759 52.3504

-2.84165 7.21398
9.33126 43.3375

-3.01928 7.03809
-41.5884 8.42337

-3.03645 7.01992
-55.1214 -0.855824

-3.12068 6.92755
20.3833 50.9156

-3.13719 6.90877
8.04405 42.4549

-3.29598 6.71571
-43.1699 7.33894

-3.31121 6.69589
-57.7696 -2.67162

-3.38559 6.59543
18.4944 49.6204

-3.40011 6.57507
6.85288 41.6381

-3.53841 6.36684
-44.8676 6.17491

-3.55155 6.34557
-60.7092 -4.68723

-3.61531 6.23805
16.7838 48.4475

-3.62768 6.21631
5.74798 40.8805

-3.74406 5.99508
-46.6948 4.92206

-3.75497 5.97259
-63.9671 -6.92109

-3.79723 5.88195
35.3241 61.16

-3.80745 5.85913
15.2277 47.3805

-3.81753 5.83626
4.72865 40.1816

-3.91079 5.60433
-48.6546 3.57829

-3.91934 5.58084
-67.5995 -9.41169

-3.95215 5.48637
32.4286 59.1747

-3.96 5.46263
13.8183 46.4141

-4.03059 5.22282
-39.9207 9.56687

-4.03685 5.19862
-50.763 2.13262

-4.04297 5.17437
-71.6774 -12.2078

-4.06599 5.07706
29.8803 57.4273

-4.07138 5.05264
12.5364 45.5351

-4.11719 4.8069
-41.4005 8.55215

-4.12095 4.78218
-53.0392 0.571901

-4.13756 4.65828
27.6112 55.8715

-4.14044 4.63346
11.3649 44.7319

-4.16098 4.38433
-42.9522 7.48822

-4.16221 4.35935
-55.49 -1.10854

-4.16612 4.23441
25.5957 54.4895

-4.16645 4.20941
10.3004 44.002

-4.16151 3.95948
-44.5826 6.37033

-4.16019 3.93451
-58.1453 -2.92921

-4.15136 3.80982
23.7911 53.2522

-4.14914 3.78492
9.32853 43.3356

-4.11878 3.53679
-46.2999 5.19279

-4.11493 3.51209
-61.0163 -4.89777

-4.09344 3.38895
22.1689 52.1399

-4.0887 3.3644
8.43664 42.7241

-4.03944 3.14488
-38.7585 10.3638

-4.03323 3.12066
-48.1028 3.95661

-4.02688 3.09647
-64.1354 -7.03649

-3.99297 2.97616
20.699 51.132

-3.98575 2.95222
7.6233 42.1664

-3.91439 2.73885
-40.0378 9.48657

-3.90575 2.71538
-50.0008 2.65518

-3.89697 2.69198
-67.535 -9.36748

-3.85098 2.57574
19.3724 50.2224

-3.84137 2.55267
6.87741 41.6549

-3.74865 2.34767
-41.3516 8.58573

-3.73767 2.32521
-52.0012 1.28359

-3.72655 2.30282
-71.263 -11.9237

-3.66896 2.19187
18.1653 49.3947

-3.65705 2.16989
6.19205 41.185

-3.54394 1.97541
-42.7037 7.65863

-3.53073 1.95418
-54.1171 -0.167248

-3.4488 1.82853
17.0622 48.6384

-3.43471 1.80787
5.55791 40.7502

-3.30238 1.62591
-44.0988 6.70203

-3.28707 1.60615
-56.3493 -1.69778

-3.19278 1.4895
16.0451 47.9409

-3.17666 1.47039
4.97513 40.3506

-3.04362 1.32106
-37.1342 11.4775

-3.02649 1.30285
-45.5329 5.71875

-3.00926 1.28474
-58.7136 -3.31893

-2.92145 1.19577
33.944 60.2137

-2.90357 1.17829
15.1117 47.301

-2.88558 1.16092
4.43529 39.9805

-2.73803 1.02592
-38.1337 10.7922

-2.71914 1.00955
-47.0111 4.70514

-2.70014 0.993285
-61.2238 -5.04009

-2.60374 0.913719
31.9862 58.8713

-2.58417 0.898154
14.2468 46.7079

-2.56451 0.882706
3.93058 39.6344

-2.40397 0.763429
-39.1397 10.1024

-2.38352 0.74907
-48.5365 3.65925

-2.36297 0.73483
-63.9027 -6.87694

-2.25896 0.665494
30.2001 57.6466

-2.23791 0.652002
13.437 46.1527

-2.21678 0.638637
3.46192 39.313

-2.04493 0.536327
-40.155 9.40622

-2.02312 0.524126
-50.1164 2.57597

-2.00122 0.512048
-66.7567 -8.83385

-1.89069 0.453664
28.5599 56.522

-1.86837 0.442382
12.6827 45.6354

-1.846 0.431241
3.02216 39.0115

-1.66463 0.346966
-41.1829 8.7014

-1.64167 0.337043
-51.7471 1.45786

-1.61867 0.327264
-69.8151 -10.9309

-1.50277 0.280435
27.0371 55.4779

-1.47942 0.271488
11.972 45.1482

-1.45603 0.262683
2.60722 38.727

-1.29081 0.204984
-34.5403 13.256

-1.26702 0.197312
-42.2188 7.99109

-1.24318 0.189781
-53.4371 0.299013

-1.09923 0.147611
25.627 54.511

-1.07509 0.141088
11.2987 44.6865

-1.05091 0.134707
2.21084 38.4552

-0.880685 0.0941361
-35.2334 12.7808

-0.85624 0.0889267
-43.2666 7.27269

-0.831748 0.0838605
-55.1924 -0.904512

-0.684247 0.0565673
24.3069 53.6058

-0.65958 0.0525368
10.6533 44.2439

-0.634881 0.048653
1.8345 38.1972

-0.461409 0.0256265
-35.9203 12.3098

-0.436544 0.0229316
-44.3276 6.54519

-0.41168 0.0203875
-57.025 -2.16106

-0.262166 0.00825599
23.058 52.7495

-0.237217 0.00675817
10.0376 43.8218

-0.212243 0.00540912
1.47233 37.9488

-0.0373277 0.000167141
-36.6015 11.8428

-0.012326 1.81297e-05
-45.407 5.80502

0.0126682 1.93715e-05
-58.9327 -3.46914

0.16264 0.00317544
21.8802 51.9419

0.187628 0.00422671
9.44331 43.4143

0.212593 0.005427
1.12123 37.7081

0.387133 0.0180237
-37.2805 11.3772

0.412028 0.020422
-46.5005 5.0553

0.4369 0.0229691
-60.9302 -4.83876

0.585763 0.0413798
20.7578 51.1723

0.610506 0.0449687
8.86613 43.0186

0.63522 0.0487052
0.775993 37.4714

0.783035 0.0742386
-30.9306 15.7311

0.807586 0.0790124
-37.9534 10.9157

0.832091 0.0839303
-47.6137 4.29196

0.856575 0.0889969
-63.0289 -6.27777

1.00279 0.12247
19.6824 50.435

1.02705 0.128562
8.29919 42.6298

1.05126 0.134798
0.438563 37.24

1.1957 0.175249
-31.3614 15.4357

1.21963 0.182495
-38.6242 10.4558

1.2435 0.189883
-48.75 3.51285

1.26735 0.197419
-65.2498 -7.80055

1.4094 0.245609
18.6422 49.7217

1.4329 0.254134
7.74519 42.25

1.45635 0.262803
0.104029 37.0106

1.59593 0.317755
-31.7838 15.1461

1.61899 0.327397
-39.2942 9.99641

1.642 0.337184
-49.9173 2.71249

1.66495 0.347106
-67.5952 -9.40874

1.77878 0.398767
34.8712 60.8495

1.80135 0.409508
17.64 49.0345

1.82387 0.420385
7.19788 41.8747

1.8463 0.431393
-0.232092 36.7802

1.97957 0.500276
-32.1992 14.8612

2.00153 0.512216
-39.9685 9.5341

2.02342 0.524292
-51.1116 1.89358

2.15321 0.599486
32.839 59.4561

2.17457 0.612467
16.6655 48.3664

2.19587 0.625583
6.65447 41.5021

2.21708 0.638823
-0.567645 36.5501

2.34262 0.720909
-32.6117 14.5784

2.36325 0.735028
-40.6433 9.07142

2.3838 0.749266
-52.3422 1.0498

2.50527 0.837291
30.9183 58.1391

2.5252 0.852379
15.7141 47.714

2.54504 0.867591
6.10984 41.1286

2.56479 0.882922
-0.906877 36.3175

2.68132 0.977365
-33.0184 14.2995

2.70041 0.993517
-41.324 8.60469

2.71941 1.00978
-53.6201 0.173526

2.83127 1.1097
29.094 56.8882

2.84956 1.12675
14.778 47.0721

2.86775 1.1439
5.56713 40.7565

2.88584 1.16116
-1.25164 36.0811

2.99215 1.26698
-33.4238 14.0216

3.00949 1.28499
-42.0168 8.12963

3.02673 1.3031
-54.9427 -0.733309

3.12784 1.4139
27.3479 55.691

3.1443 1.43272
13.861 46.4434

3.16065 1.45164
5.02167 40.3825

3.27187 1.58675
-33.8301 13.743

3.28729 1.60642
-42.7184 7.64855

3.30259 1.6262
-56.3229 -1.67967

3.39189 1.74672
25.6813 54.5482

3.40635 1.76711
12.9564 45.8232

3.42069 1.78759
4.46934 40.0038

3.51757 1.93333
-34.2422 13.4604

3.53091 1.95448
-43.4357 7.15669

3.54412 1.9757
-57.7705 -2.67222

3.62069 2.10469
24.0791 53.4497

3.63299 2.12645
12.0616 45.2096

3.64517 2.14829
3.91351 39.6227

3.71546 2.2808
-27.7192 17.9331

3.72671 2.30313
-34.6579 13.1754

3.73782 2.32552
-44.173 6.6512

3.7488 2.34798
-59.3033 -3.72327

3.81184 2.4841
22.5291 52.3869

3.82186 2.50701
11.1714 44.5992

3.83175 2.52996
3.35042 39.2366

3.88818 2.66895
-27.9933 17.7451

3.8971 2.6923
-35.0825 12.8842

3.90587 2.71572
-44.9387 6.12611

3.91451 2.73918
-60.9222 -4.83327

3.96335 2.881
21.0346 51.3621

3.971 2.90481
10.29 43.9949

3.9785 2.92865
2.779 38.8448

4.02048 3.07267
-28.2759 17.5513

4.02697 3.09681
-35.522 12.5829

4.03332 3.12099
-45.7307 5.58311

4.03952 3.14522
-62.6491 -6.01736

4.06835 3.26685
36.4386 61.9242

4.07367 3.29127
19.5853 50.3684

4.07885 3.31573
9.41299 43.3935

4.08388 3.34023
2.19629 38.4453

4.11098 3.48775
-28.5695 17.35

4.11498 3.51243
-35.9744 12.2727

4.11883 3.53713
-46.5585 5.01546

4.12254 3.56186
-64.5029 -7.28845

4.13883 3.6858
33.8054 60.1186

4.14164 3.71065
18.1766 49.4025

4.1443 3.7355
8.5364 42.7925

4.15875 3.9099
-28.8791 17.1378

4.16021 3.93486
-36.4461 11.9493

4.16153 3.95983
-47.4292 4.41851

4.16628 4.10975
31.3254 58.4182

4.16654 4.13475
16.8013 48.4594

4.16666 4.15975
7.66469 42.1948

4.16328 4.33472
-29.2032 16.9155

4.16219 4.3597
-36.9412 11.6098

4.16096 4.38468
-48.355 3.7837

4.15042 4.53429
28.9762 56.8074

4.14814 4.5592
15.4635 47.5422

4.14571 4.58408
6.79442 41.598

4.12452 4.75779
-29.547 16.6798

4.1209 4.78252
-37.4671 11.2492

4.11713 4.80725
-49.3355 3.11139

4.09141 4.95503
26.7555 55.2848

4.0866 4.97956
14.1569 46.6463

4.08165 5.00407
5.92511 41.002

4.04289 5.17472
-29.9159 16.4268

4.03677 5.19896
-38.0226 10.8683

4.0305 5.22316
-50.3852 2.39162

3.98986 5.36755
24.6453 53.8379

3.98259 5.39146
12.8793 45.7703

3.97516 5.41534
5.0543 40.4049

3.91922 5.58116
-30.3088 16.1574

3.91066 5.60466
-38.616 10.4615

3.90197 5.62808
-51.5156 1.61658

3.84683 5.7676
22.6355 52.4598

3.83716 5.79065
11.6262 44.911

3.75482 5.97289
-30.7314 15.8677

3.74391 5.9954
-39.2528 10.0248

3.73287 6.01783
-52.7455 0.773246

3.67566 6.12898
38.6971 63.4728

3.66382 6.15099
20.7134 51.1419

3.65184 6.17295
10.4019 44.0716

3.55137 6.34586
-31.1872 15.5552

3.53823 6.36713
-39.943 9.55159

3.52496 6.38833
-54.0789 -0.140998

3.45673 6.49306
35.3434 61.1733

3.44271 6.51376
18.8806 49.8852

3.42856 6.53438
9.20256 43.2492

3.311 6.69617
-31.6826 15.2155

3.29577 6.71598
-40.6863 9.04191

3.2804 6.73572
-55.5388 -1.14205

3.20187 6.83297
32.2519 59.0535

3.18581 6.85213
17.1264 48.6824

3.16964 6.8712
8.0272 42.4433

3.03621 7.02018
-32.2167 14.8492

3.01904 7.03835
-41.4937 8.48828

3.00175 7.05641
-57.1531 -2.24894

2.91372 7.14515
29.3856 57.0882

2.89579 7.16258
15.4456 47.5299

2.72986 7.31452
-32.7963 14.4518

2.71092 7.33085
-42.3776 7.88223

2.69189 7.34705
-58.9325 -3.46899

2.59528 7.42637
26.7204 55.2607

2.57567 7.44188
13.8304 46.4224

2.39513 7.57613
-33.4259 14.0201

2.37462 7.59045
-43.3395 7.2227

2.35404 7.60463
-60.9125 -4.82662

2.24985 7.6737
24.2307 53.5536

2.22877 7.68714
12.2838 45.362

2.03549 7.80231
-34.1129 13.5491

2.01364 7.81446
-44.3935 6.5

1.99171 7.82647
-63.128 -6.34568

1.88103 7.88457
21.9104 51.9626

1.8587 7.89579
10.799 44.3438

1.65469 7.99068
-34.8573 13.0387

1.63172 8.00054
-45.5513 5.70614

1.60868 8.01027
-65.6307 -8.06175

1.51599 8.04776
38.8958 63.609

1.49266 8.05679
19.7391 50.4739

1.46929 8.06568
9.37301 43.3661

1.25669 8.1393
-35.6671 12.4834

1.23284 8.14677
-46.8307 4.82882

1.11289 8.18196
35.1296 61.0267

1.08878 8.18857
17.7044 49.0787

0.845631 8.24662
-36.5513 11.8772

0.821134 8.25162
-48.2377 3.86415

0.698223 8.27442
31.7259 58.6928

0.673578 8.27853
15.7918 47.7673

0.425781 8.31152
-37.5104 11.2195

0.400894 8.314
-49.7937 2.79724

0.276309 8.32416
28.6317 56.5712

0.251357 8.32575
13.9995 46.5384

0.00149651 8.33333
-38.5543 10.5037

-0.0235055 8.33327
-51.5186 1.61451

-0.148477 8.33069
25.8225 54.6451

-0.173468 8.32972
12.3154 45.3836

-0.422803 8.31183
-39.6907 9.72454

-0.447661 8.30922
-53.4417 0.295919

-0.57172 8.29392
23.2592 52.8875

-0.596491 8.29042
10.7292 44.296

-0.842707 8.24722
-40.9315 8.87375

-0.86717 8.2421
-55.578 -1.16894

-0.989035 8.21425
20.9099 51.2766

-1.0133 8.20824
9.24084 43.2755

-1.25384 8.1402
-42.2793 7.94962

-1.27766 8.13261
-57.9656 -2.80604

-1.39606 8.09249
18.7624 49.8042

-1.41958 8.08405
7.8413 42.3159

-1.65194 7.99187
-43.7478 6.94271

-1.67487 7.98189
-60.6508 -4.64716

-1.76594 7.9406
36.4396 61.9249

-1.78857 7.92993
16.7918 48.453

-2.03288 7.80377
-45.3488 5.84496

-2.05467 7.79151
-63.6648 -6.71378

-2.14107 7.74115
32.9659 59.5431

-2.16248 7.72824
14.9812 47.2115

-2.39268 7.57786
-47.0999 4.64424

-2.4131 7.56344
-67.0718 -9.04988

-2.49393 7.50454
29.8842 57.43

-2.51391 7.48952
13.3123 46.0672

-2.70865 7.33279
-38.0048 10.8805

-2.7276 7.31648
-49.0079 3.336

-2.82086 7.23324
27.1318 55.5428

-2.83921 7.21626
11.7801 45.0166

-3.01697 7.04051
-39.3608 9.95075

-3.03416 7.02236
-51.0943 1.90544

-3.11846 6.93005
24.6781 53.8603

-3.13499 6.91129
10.3692 44.0492

-3.29393 6.71836
-40.8085 8.95809

-3.30918 6.69855
-53.3848 0.334913

-3.38364 6.59814
22.4776 52.3515

-3.39818 6.57779
9.06972 43.1581

-3.53665 6.36967
-42.3542 7.8983

-3.5498 6.34841
-55.8924 -1.38452

-3.61365 6.24095
20.4989 50.9948

-3.62603 6.21922
7.86941 42.3351

-3.74259 5.99809
-44.0081 6.76427

-3.75352 5.9756
-58.6502 -3.27541

-3.80609 5.86219
18.7101 49.7683

-3.81619 5.83932
6.76655 41.5789

-3.90963 5.60747
-45.7713 5.55528

-3.91821 5.58397
-61.6911 -5.36049

-3.95896 5.4658
17.0993 48.6638

-3.96668 5.44203
5.75051 40.8823

-4.03603 5.20185
-47.6559 4.26304

-4.04216 5.17762
-65.0632 -7.67262

-4.06526 5.08032
36.4701 61.9458

-4.07067 5.05591
15.6413 47.6641

-4.07593 5.03147
4.81458 40.2405

-4.11667 4.8102
-39.389 9.93139

-4.12046 4.78549
-49.6763 2.87773

-4.1241 4.76076
-68.7992 -10.2343

-4.13717 4.6616
33.6499 60.012

-4.14006 4.63678
14.3193 46.7576

-4.14281 4.61192
3.94987 39.6476

-4.1608 4.38766
-40.816 8.95298

-4.16205 4.36269
-51.8356 1.39713

-4.16606 4.23774
31.1593 58.3043

-4.16641 4.21275
13.1142 45.9314

-4.16661 4.18775
3.1561 39.1034

-4.16168 3.96281
-42.3104 7.9283

-4.16038 3.93785
-54.1513 -0.190648

-4.15164 3.81315
28.94 56.7826

-4.14945 3.78825
12.0216 45.1822

-4.1471 3.76336
2.4252 38.6022

-4.11929 3.5401
-43.8697 6.85913

-4.11545 3.5154
-56.6387 -1.89623

-4.09406 3.39223
26.9668 55.4296

-4.08934 3.36767
11.0256 44.4992

-4.08447 3.34315
1.74972 38.139

-4.03407 3.12389
-45.5004 5.74101

-4.02774 3.0997
-59.3223 -3.73628

-3.99392 2.97936
25.1969 54.2161

-3.98673 2.95542
10.1157 43.8753

-3.97939 2.93152
1.12997 37.7141

-3.91553 2.74199
-38.2251 10.7295

-3.90692 2.71852
-47.2103 4.56859

-3.89815 2.6951
-62.2119 -5.71755

-3.85226 2.57883
23.6017 53.1223

-3.84266 2.55575
9.27921 43.3018

-3.83293 2.53272
0.559055 37.3226

